# Blender 4.4.3
# www.blender.org
mtllib Untitled.mtl
o bunny
v -0.886708 0.524322 0.353940
v -0.160997 0.176254 0.030072
v -0.054765 0.011350 0.519229
v -0.085507 0.853807 -0.243768
v 0.430634 0.101371 0.466956
v 0.319467 0.161738 0.451570
v 0.065299 0.675155 -0.177682
v -0.843177 -0.003857 0.030437
v -0.330895 0.779527 -0.053343
v -0.778566 0.739000 -0.382687
v -0.259974 0.762372 0.030815
v 0.357028 -0.953997 0.586638
v -0.528902 -0.903365 0.608480
v -0.403310 -0.949729 0.601404
v -0.426788 0.643346 0.109419
v -0.056291 0.604411 -0.049837
v -0.504417 0.570125 0.179692
v -0.446096 -0.870168 0.594085
v -0.163744 -0.955097 0.687518
v 0.212268 -0.845124 0.609984
v -0.379597 0.710159 -0.071795
v -0.547458 -0.833457 0.556873
v -0.277698 -0.851552 0.540715
v -0.150556 -0.904399 0.699920
v -0.063060 -0.833835 0.692941
v -0.414228 -0.786716 0.501789
v -0.355221 -0.775193 0.514004
v 0.635106 0.056870 0.335576
v -0.132774 0.902429 -0.090610
v 0.046288 -0.804270 0.631168
v 0.306713 -0.826537 0.630530
v 0.348304 -0.759873 0.660193
v -0.245212 0.003546 0.475406
v -0.805179 0.341266 0.648538
v 0.593582 -0.912813 0.360160
v -0.143602 -0.799301 0.625726
v 0.219003 -0.761238 0.697012
v -0.043093 -0.765573 0.605687
v -0.574168 0.618888 -0.276413
v 0.646735 -0.809436 0.414671
v -0.878804 0.191587 -0.024634
v -0.615172 0.540060 -0.012588
v -0.188149 -0.742188 0.486119
v -0.003147 -0.712174 0.657987
v -0.751989 0.286696 0.678963
v -0.779286 0.470959 -0.036154
v -0.916533 0.084724 0.037329
v -0.263874 0.162329 0.345415
v -0.409634 -0.735250 0.473013
v -0.294069 -0.755986 0.518546
v 0.093437 -0.648727 0.719549
v 0.201966 -0.715710 0.715870
v 0.353569 -0.667292 0.683849
v -0.818258 0.218110 0.690528
v -0.559350 0.473132 0.484699
v -0.585651 0.538351 0.452687
v -0.667631 0.630174 -0.093058
v -0.337367 0.215382 0.231292
v -0.052768 -0.643591 0.616688
v -0.168993 0.852974 -0.045205
v 0.794077 -0.721973 0.432529
v -0.367211 -0.622504 0.516389
v -0.792117 0.820081 -0.594201
v 0.229953 -0.676275 0.711634
v 0.714009 -0.676920 0.414634
v -0.955735 0.052824 0.504797
v 0.249951 -0.635265 0.734100
v 0.083386 0.132943 0.480566
v 0.398085 0.184911 0.394815
v -0.671827 0.584607 0.302175
v -0.139657 -0.586108 0.505144
v -0.180375 0.102391 0.401960
v -0.105111 0.142739 0.355639
v 0.862094 -0.609169 0.396881
v 0.881968 -0.662116 0.394186
v -0.265261 -0.576902 0.548158
v 0.014552 -0.590678 0.698003
v 0.161166 -0.143306 0.650825
v -0.351073 -0.527773 0.547357
v 0.339341 -0.579224 0.714245
v 0.741394 -0.081441 0.059700
v -0.584890 0.484985 -0.032832
v 0.136515 -0.537709 0.737497
v 0.229740 -0.528511 0.736985
v -0.683007 -0.616004 0.261583
v 0.767836 -0.334444 0.362028
v 0.347907 0.238429 0.331770
v -0.221179 -0.333576 -0.304101
v 0.030390 -0.457337 0.731358
v 0.314343 -0.463689 0.732332
v 0.840045 -0.556915 0.358538
v -0.561384 0.128959 -0.097356
v -0.926075 -0.138152 0.240586
v 0.777602 -0.536417 0.339216
v 0.922808 -0.526749 0.315478
v 0.177276 0.230121 0.364089
v -0.730812 0.072233 0.688499
v -0.745640 0.455013 0.566509
v -0.536322 0.484128 0.002457
v 0.533697 0.159920 0.312237
v 0.082906 0.242096 0.087080
v -0.341839 -0.241517 -0.272292
v 0.170449 -0.470495 0.768529
v -0.099850 -0.221998 -0.377467
v -0.876661 -0.036012 0.293196
v -0.405116 -0.453239 0.562028
v -0.216382 -0.425539 0.548239
v -0.268101 -0.375800 0.572313
v 0.103191 -0.403286 0.756646
v 0.383778 -0.250740 0.687839
v -0.726987 -0.155850 -0.160036
v -0.021234 -0.368321 0.749956
v 0.198057 -0.402711 0.753357
v -0.693200 0.375926 0.615469
v 0.059124 -0.183542 0.695175
v -0.510437 -0.388705 0.581491
v -0.322203 -0.336911 0.560895
v 0.015088 -0.317022 0.745637
v 0.708845 -0.032576 0.250785
v 0.295847 0.270191 0.185879
v -0.972657 0.057593 0.246158
v -0.564619 -0.464893 0.542878
v -0.418134 -0.313702 0.597501
v -0.195314 -0.346274 0.554110
v 0.403127 -0.338365 0.689061
v -0.770639 0.179701 0.693533
v -0.103994 -0.380837 0.700243
v 0.296407 -0.316474 0.740888
v -0.636787 -0.316888 0.579866
v -0.922168 -0.153122 0.121509
v -0.080423 -0.332833 0.722129
v 0.243301 0.039245 0.545508
v -0.168036 -0.289707 0.578456
v -0.646746 0.087062 0.676756
v -0.331276 0.777981 -0.016191
v 0.795317 -0.247607 0.085046
v 0.086749 -0.233620 0.737640
v -0.414939 0.097202 0.418629
v -0.569947 -0.246482 0.596233
v -0.477083 -0.249792 0.588082
v 0.421119 -0.185092 0.629066
v -0.857344 -0.242814 -0.051113
v -0.268368 -0.243437 0.575281
v -0.684623 0.573659 0.038545
v 0.208823 -0.199996 0.714233
v -0.653001 -0.189053 0.555088
v -0.403304 -0.172939 0.573782
v 0.105286 0.762849 -0.293551
v -0.129790 -0.226921 0.590186
v -0.547925 -0.097048 0.550848
v -0.076432 -0.175100 0.589586
v -0.998317 0.166902 0.283468
v -0.704274 0.729979 -0.267451
v -0.350500 -0.067083 0.539976
v -0.314559 -0.144328 0.548769
v -0.168633 -0.140493 0.571972
v -0.904929 0.005922 0.272885
v 0.292185 -0.140764 0.625927
v 0.374470 -0.106123 0.614799
v -0.145167 0.182537 0.227834
v -0.021850 -0.053830 0.557434
v 0.033748 -0.126864 0.578579
v -0.703114 -0.476878 0.475432
v -0.817549 0.493992 0.483347
v -0.733949 -0.081797 0.488791
v 0.472076 -0.127147 0.603416
v -0.155275 0.187736 0.123544
v 0.192094 -0.119002 0.582207
v 0.099683 -0.039526 0.573794
v -0.439955 -0.000973 0.495627
v 0.439789 -0.042846 0.544755
v 0.321580 -0.047032 0.542360
v -0.492060 0.049643 0.464601
v -0.622910 -0.011243 0.496973
v -0.134912 -0.197461 -0.299681
v -0.374946 0.578363 0.119623
v -0.466438 -0.159549 -0.263015
v -0.721819 -0.334942 -0.184687
v -0.689697 0.381097 -0.082153
v -0.074342 0.782960 -0.247303
v -0.481948 0.496958 -0.011949
v 0.418218 -0.962980 0.553778
v 0.480136 0.123396 0.430735
v -0.092472 -0.946082 0.710880
v 0.476476 -0.866968 0.557833
v -0.609713 0.448148 0.516330
v -0.176494 0.553019 -0.059112
v 0.201367 0.011955 -0.239396
v -0.505186 -0.965856 0.608540
v 0.056198 0.809992 -0.250609
v 0.388786 -0.838361 0.583589
v 0.476704 -0.929030 0.535284
v -0.568277 -0.210455 -0.228651
v -0.260148 -0.268527 -0.288838
v -0.501200 0.171524 0.520300
v 0.572952 -0.824105 0.481161
v -0.590673 -0.091150 -0.207919
v -0.213825 0.633862 -0.156044
v -0.883741 -0.396626 0.197700
v -0.644095 0.146618 0.683858
v 0.761209 -0.811214 0.412156
v 0.858894 -0.825737 0.300511
v -0.200443 0.549589 0.012720
v 0.573367 -0.204459 0.576814
v -0.599801 0.260548 0.543800
v -0.273800 0.596251 0.078347
v -0.257516 0.671724 0.000682
v -0.073828 0.920467 -0.132008
v -0.411413 0.500313 0.156188
v 0.581508 -0.738477 0.507496
v 0.015782 0.634747 -0.126387
v -0.626967 0.788967 -0.564980
v -0.334365 0.484737 0.076159
v 0.471791 -0.720453 0.615449
v 0.919598 -0.720442 0.338277
v -0.379467 0.221667 0.341418
v -0.135340 -0.288602 -0.428606
v -0.124265 0.623455 0.010591
v -0.022483 0.974885 -0.214837
v -0.565178 0.139580 0.561423
v 0.630866 -0.649702 0.521304
v -0.422470 0.226384 0.417446
v 0.726981 -0.134732 0.364722
v 0.474626 -0.653385 0.630996
v 0.966433 -0.591097 0.303174
v -0.486419 0.412544 0.389212
v -0.476634 0.345712 0.399426
v 0.687393 -0.592508 0.481881
v 0.061938 0.712560 -0.178141
v -0.020220 0.880906 -0.209371
v -0.584433 0.343493 0.479536
v 0.472045 -0.596938 0.630181
v 0.630554 -0.141409 0.498712
v 0.552601 -0.520796 0.572785
v 0.653658 -0.505054 0.515710
v -0.013945 0.647558 -0.073937
v 0.750941 -0.266775 -0.083198
v 0.681635 -0.345193 -0.196770
v 0.625989 -0.219973 -0.200162
v 0.410437 -0.422160 0.704012
v -0.587923 0.036467 0.503901
v 0.585248 -0.406367 0.589518
v -0.926237 0.338423 0.366883
v -0.949392 0.309642 0.244910
v 0.571420 0.005502 0.462400
v 0.815631 -0.469185 0.201234
v 0.487001 -0.384112 0.661912
v 0.651793 -0.276535 0.538476
v -0.816812 0.003437 0.586602
v -0.583781 0.680537 -0.743159
v -0.418749 0.428489 0.136568
v -0.967288 0.125705 0.390306
v -0.768442 0.552053 -0.067629
v -0.975806 0.130853 0.543869
v -0.441866 0.523262 0.181051
v -0.756496 0.507491 -0.222346
v 0.469366 -0.965966 -0.026547
v 0.426374 -0.968800 -0.182779
v 0.779880 -0.225574 0.284436
v 0.687777 -0.906945 0.003359
v 0.489479 -0.967858 0.020445
v 0.817964 -0.878113 0.160714
v 0.369302 -0.943758 -0.271671
v -0.968946 0.068500 0.160608
v -0.575615 0.839162 -0.760986
v 0.087227 0.879369 -0.355081
v 0.778392 -0.794299 -0.053081
v -0.596692 0.505599 -0.345465
v 0.865066 -0.828303 0.062240
v 0.499618 -0.846883 -0.193270
v -0.395559 0.300420 0.125490
v 0.530328 -0.133068 -0.231677
v 0.475061 -0.833689 -0.252464
v -0.013124 0.058802 -0.197115
v 0.950995 -0.752492 0.257909
v 0.609558 -0.797568 -0.073767
v 0.564496 -0.780171 -0.220534
v 0.055498 -0.143796 -0.296594
v -0.585084 0.708148 -0.566987
v -0.585542 0.472890 -0.142105
v 0.935544 -0.759990 0.088517
v 0.875313 -0.730371 -0.020893
v -0.322741 -0.984187 -0.335170
v -0.665344 -0.983431 -0.055866
v -0.199050 0.140037 -0.082458
v 0.991821 -0.643671 0.166224
v -0.747997 -0.512535 0.368125
v -0.596703 0.575536 -0.498725
v 0.641234 -0.691647 -0.145418
v -0.006731 -0.215607 -0.422025
v -0.887281 -0.018746 0.132329
v 0.961402 -0.619256 0.056584
v 0.477986 -0.717342 -0.326411
v 0.617875 -0.610653 -0.218976
v -0.840941 -0.399223 0.366122
v 0.727893 -0.536960 -0.103626
v -0.753987 0.513731 -0.133804
v -0.831845 0.509534 0.047379
v -0.725873 0.893311 -0.671430
v 0.986592 -0.547396 0.187131
v -0.956731 0.230171 0.426754
v -0.435437 0.340739 0.030925
v -0.402859 0.325160 0.225566
v 0.560702 -0.572615 -0.259851
v -0.598621 -0.950187 0.567092
v 0.959536 -0.505072 0.216679
v -0.356594 0.204959 -0.054893
v -0.718286 0.675054 -0.491305
v 0.087122 0.733890 -0.288136
v -0.418390 0.413709 0.071161
v 0.620137 -0.457783 -0.231734
v 0.772060 -0.376526 -0.030060
v 0.816985 -0.493985 0.091583
v -0.955121 0.390390 0.231694
v -0.719527 0.857594 -0.682149
v -0.722581 0.050384 -0.076531
v -0.292138 -0.842708 -0.282651
v -0.900276 0.321436 0.055469
v -0.630234 0.893407 -0.711452
v -0.734974 0.549924 0.422067
v 0.092102 0.238886 0.306843
v -0.497431 0.539207 0.375775
v -0.750461 0.869800 -0.601400
v -0.838190 0.559690 0.264754
v -0.348671 0.159083 0.333163
v -0.733370 0.564812 0.032598
v -0.343952 0.240476 0.133911
v -0.907268 0.386476 0.145585
v -0.785336 0.618409 -0.259804
v -0.780057 -0.228754 -0.139910
v -0.101350 0.906247 -0.209445
v -0.561384 0.574876 0.093147
v -0.924274 -0.236148 0.300946
v 0.939034 -0.526063 0.070097
v 0.605932 0.023050 -0.086943
v -0.947909 0.067618 0.370254
v -0.726054 0.809948 -0.483986
v 0.627065 0.086034 0.089734
v -0.702772 0.428048 -0.181071
v 0.915205 -0.490042 0.121978
v -0.925578 0.429280 0.421422
v 0.481671 0.181665 0.025807
v 0.842052 -0.477394 0.205294
v -0.596715 0.557605 0.061086
v -0.924280 0.526368 0.235352
v -0.635726 0.704663 -0.279977
v 0.897222 -0.482814 0.271336
v 0.333978 0.228763 -0.012265
v -0.858672 -0.135325 -0.027310
v 0.464459 0.214043 0.147726
v 0.180270 0.245805 0.027516
v -0.065088 -0.234235 0.681950
v -0.571768 -0.982317 0.240968
v -0.597950 -0.969570 0.315305
v -0.640986 -0.961759 0.436673
v 0.462395 -0.242770 -0.297032
v -0.297060 0.642637 -0.137906
v -0.739829 0.207389 -0.090412
v -0.708935 -0.959117 0.123715
v -0.582599 -0.952686 0.270399
v -0.623663 -0.907191 0.369997
v -0.287116 -0.961260 0.561946
v -0.709308 -0.945478 0.036927
v -0.694943 -0.895099 0.104679
v -0.231587 -0.914942 0.630250
v -0.883346 -0.126036 0.353590
v -0.827700 -0.202355 0.438620
v -0.659825 -0.866889 0.022866
v -0.649356 -0.847367 0.108197
v -0.205780 -0.855015 0.633845
v 0.550565 -0.299730 -0.274319
v -0.808422 -0.359520 0.452218
v -0.526814 -0.792907 0.105670
v -0.456951 -0.784428 0.479452
v -0.812203 0.098856 0.646672
v -0.435299 -0.818148 0.243439
v -0.720290 -0.232465 0.541075
v -0.885449 0.407291 0.527438
v -0.494429 -0.710435 0.123576
v -0.425308 -0.740747 0.219276
v -0.138643 -0.732969 0.490580
v -0.914429 0.082139 0.613754
v -0.867289 0.256797 0.651106
v -0.941593 0.235163 0.546481
v -0.453832 -0.698221 0.215682
v -0.472018 -0.670214 0.307430
v -0.449735 -0.724245 0.341970
v -0.053902 -0.499675 0.685671
v 0.426324 -0.067460 -0.223624
v -0.514078 -0.243581 -0.260545
v -0.739042 0.493225 -0.350051
v -0.115853 -0.071778 -0.276701
v 0.081548 0.819448 -0.354400
v -0.357167 -0.908121 -0.245477
v -0.552294 -0.891856 0.303771
v -0.336070 -0.966497 -0.331258
v -0.631163 -0.889834 -0.042903
v -0.706194 0.502849 -0.517768
v -0.946976 0.268025 0.109769
v -0.775850 0.538372 0.010737
v -0.670781 0.798981 -0.696696
v -0.309438 0.148158 -0.124043
v -0.456127 0.206408 -0.050429
v -0.691578 0.590700 -0.563929
v -0.593005 -0.836265 0.478202
v -0.487408 -0.802459 0.368096
v -0.538088 -0.816758 -0.011664
v -0.954457 0.471757 0.293076
v -0.974307 0.258132 0.288079
v -0.208932 -0.858562 -0.351077
v -0.266006 -0.786572 -0.134088
v -0.453323 -0.764694 0.385956
v -0.506094 -0.787215 -0.028576
v -0.794496 0.700956 -0.418710
v -0.161510 -0.773103 -0.263992
v 0.786106 -0.543052 0.031208
v -0.644866 0.615981 -0.699413
v 0.147739 0.010113 -0.253563
v -0.208801 -0.753267 -0.117123
v -0.484408 -0.666401 -0.066144
v -0.147738 -0.652421 -0.315237
v -0.516687 -0.681952 0.080457
v 0.483661 0.107342 -0.098742
v -0.195304 -0.645893 -0.187306
v -0.210034 -0.690407 -0.122811
v -0.519914 -0.649180 -0.021309
v -0.565182 0.759347 -0.765477
v 0.049609 0.915337 -0.351178
v 0.388623 -0.180607 -0.287535
v 0.282181 -0.139509 -0.268764
v -0.391391 0.117564 -0.155887
v -0.255822 -0.082502 -0.247645
v -0.607136 0.624794 -0.706217
v 0.862693 -0.648707 -0.038195
v -0.008661 0.160527 -0.066761
v -0.128519 -0.530171 -0.417523
v -0.665841 0.068539 -0.094784
v 0.430787 -0.109350 -0.260708
v -0.745250 -0.538601 0.031981
v -0.841487 -0.455093 0.071387
v 0.194362 -0.196011 -0.399206
v -0.791814 -0.461441 -0.044840
v -0.943798 0.489851 0.185927
v 0.259703 0.056076 -0.226228
v -0.190498 -0.425849 -0.392884
v -0.802702 -0.360237 -0.089815
v -0.881500 -0.343720 0.308172
v -0.886942 -0.314226 0.011970
v -0.133047 -0.370830 -0.455180
v -0.897809 -0.343048 0.113386
v -0.731356 0.412402 -0.074246
v -0.816340 0.344807 -0.022926
v 0.038738 -0.041020 -0.260279
v -0.929583 -0.278412 0.178162
v -0.097079 0.057381 -0.183907
v 0.331227 -0.265845 -0.389081
v 0.706576 -0.689834 -0.055878
v 0.001286 0.970325 -0.279000
v 0.387331 0.109185 -0.159638
v 0.153261 0.150485 -0.126052
v -0.007320 -0.287569 -0.470752
v -0.475173 0.014752 -0.206345
v -0.231023 -0.974568 -0.379326
v -0.556435 0.545759 0.032989
v 0.658459 -0.093791 -0.126722
v -0.376267 -0.862201 -0.131409
v -0.437182 -0.047365 -0.232264
v -0.569068 -0.900898 -0.086184
v -0.603333 -0.984648 -0.090883
v 0.114783 0.191707 -0.077890
v -0.639619 0.890068 -0.741261
v -0.475828 0.436588 0.009760
v -0.038094 -0.832095 -0.340939
v -0.404329 -0.973702 -0.157925
v -0.389933 0.234491 0.014547
v -0.254102 -0.015869 -0.230640
v 0.150269 -0.983689 -0.280728
v 0.128190 -0.957760 -0.300915
v 0.181772 -0.864384 -0.305564
v -0.602506 0.379511 -0.081255
v 0.559460 -0.896320 -0.038605
v 0.289293 -0.843873 -0.307773
v 0.112549 -0.828036 -0.357336
v 0.275605 -0.789289 -0.354612
v -0.212014 0.576442 -0.114178
v -0.427368 -0.826097 -0.098371
v 0.386171 -0.812270 -0.310477
v 0.082047 -0.734079 -0.406863
v -0.110955 -0.800088 -0.316584
v -0.910381 0.012484 0.520428
v -0.607996 0.812026 -0.766184
v 0.781516 -0.716750 -0.064622
v 0.312051 -0.718848 -0.372195
v 0.230967 -0.606718 -0.416141
v -0.052330 -0.591152 -0.445249
v -0.371101 -0.666717 -0.136334
v 0.291304 -0.627463 -0.386645
v -0.444138 -0.742853 -0.085975
v 0.091846 -0.599272 -0.442549
v 0.481902 -0.617168 -0.326123
v 0.009151 -0.588895 -0.462191
v -0.804908 -0.509414 0.219836
v 0.438411 -0.567723 -0.358181
v 0.345457 -0.513786 -0.392525
v -0.614355 -0.611982 -0.021818
v -0.001162 0.678141 -0.205132
v -0.449270 -0.565429 -0.139323
v 0.316351 -0.474249 -0.414985
v 0.092047 -0.465062 -0.466411
v -0.239675 -0.457405 -0.227090
v -0.347854 -0.499998 -0.205803
v -0.382422 -0.431900 -0.220692
v -0.703174 -0.458739 -0.140652
v 0.528540 -0.445382 -0.307546
v -0.078582 -0.435159 -0.479231
v -0.278674 -0.412624 -0.233136
v -0.629948 -0.456975 -0.193300
v -0.005550 -0.367196 -0.483680
v -0.493833 -0.389070 -0.252846
v 0.188243 -0.335263 -0.453591
v -0.244916 -0.376877 -0.263875
v -0.685492 0.024091 0.641476
v -0.206184 -0.987269 -0.352897
v 0.322131 -0.975293 -0.178852
v -0.214146 -0.983621 -0.257795
v 0.346679 -0.973382 -0.140915
v -0.296373 -0.978430 -0.158860
v 0.250923 -0.930209 -0.154931
v -0.197884 -0.939236 -0.204893
v -0.127331 -0.923181 -0.206393
v -0.408994 -0.985387 -0.150780
v 0.285254 -0.918489 -0.090649
v 0.248886 -0.977446 0.075454
v 0.398161 -0.977390 0.038443
v 0.528996 -0.974568 0.127763
v -0.273961 -0.928969 -0.078474
v 0.406820 -0.956368 0.061919
v 0.638931 -0.961982 0.179035
v 0.316661 -0.956786 0.079415
v -0.400119 -0.986697 0.096530
v -0.299416 -0.986534 0.042309
v 0.509041 -0.949611 0.202490
v 0.163387 -0.925519 0.143228
v 0.268104 -0.982641 0.136770
v -0.206958 -0.926861 0.010108
v -0.126006 -0.931986 0.188209
v 0.489313 -0.970744 0.275738
v 0.226033 -0.972193 0.222942
v -0.234054 -0.982580 0.158057
v -0.700279 -0.976326 0.094494
v 0.310713 -0.972786 0.317099
v 0.502599 -0.956284 0.373475
v 0.699358 -0.902130 0.323974
v -0.388177 -0.961303 0.119586
v -0.255858 -0.951405 0.175747
v -0.167845 -0.979786 0.221148
v -0.435501 -0.591766 0.462436
v 0.197769 -0.925272 0.284018
v -0.712271 -0.023403 0.518030
v -0.477229 -0.988305 0.214547
v 0.323402 -0.922787 0.408621
v 0.350440 -0.965449 0.457207
v -0.866217 0.062137 0.629187
v -0.255335 -0.969195 0.317077
v -0.023532 -0.912740 0.531845
v -0.767111 -0.045873 0.468950
v -0.589903 -0.585715 0.406987
v -0.321666 -0.985324 0.360404
v 0.316433 -0.918422 0.438309
v -0.676265 -0.632469 0.150980
v -0.234920 -0.974610 0.465937
v -0.182346 -0.927562 0.429996
v 0.051123 -0.960307 0.660335
v -0.079778 -0.971948 0.579835
v -0.659367 0.498400 -0.488213
v -0.610919 -0.967091 0.526292
v -0.638280 0.547717 -0.615636
v -0.428192 0.419361 0.034730
v -0.636197 0.440440 -0.232312
v -0.601442 0.408185 -0.090397
vn 0.4465 0.8313 0.3309
vn 0.1259 -0.9320 -0.3399
vn 0.7934 0.4621 0.3963
vn -0.2588 0.8963 0.3602
vn -0.1390 0.9894 -0.0409
vn -0.0907 0.9921 -0.0865
vn -0.8188 -0.5740 -0.0083
vn 0.7420 0.5695 0.3536
vn 0.7930 0.5772 0.1951
vn 0.0585 0.9794 -0.1935
vn -0.7436 -0.6584 -0.1162
vn -0.1851 0.3347 0.9240
vn 0.1504 0.9201 0.3617
vn 0.0385 -0.5340 -0.8446
vn -0.0115 0.0622 -0.9980
vn 0.0406 0.1279 0.9910
vn 0.8726 0.4880 -0.0224
vn 0.3436 0.7683 0.5401
vn -0.9040 -0.4127 -0.1114
vn 0.0709 -0.0204 0.9973
vn 0.1058 0.1160 0.9876
vn 0.0788 0.5430 0.8360
vn -0.9465 -0.0848 -0.3114
vn 0.0711 0.5587 0.8263
vn 0.7085 -0.6896 -0.1498
vn 0.5707 -0.5653 -0.5956
vn -0.3633 0.2759 0.8899
vn 0.1587 -0.1239 0.9795
vn 0.8119 -0.2670 -0.5192
vn 0.9820 -0.0088 -0.1885
vn -0.6313 0.5904 -0.5029
vn -0.7756 -0.0279 -0.6307
vn -0.2747 0.3275 0.9040
vn 0.9487 0.3138 0.0388
vn -0.2705 0.3502 0.8968
vn 0.0940 -0.9140 0.3946
vn 0.6874 -0.5105 -0.5166
vn -0.3650 0.1323 0.9215
vn 0.2466 0.3886 0.8878
vn 0.2285 -0.1937 0.9541
vn 0.5564 0.3748 0.7416
vn -0.2533 0.9647 0.0726
vn -0.3750 -0.3927 0.8398
vn 0.2780 0.5481 0.7889
vn 0.9132 -0.0671 -0.4020
vn 0.2674 -0.2528 0.9298
vn 0.1280 -0.0962 0.9871
vn -0.7746 -0.4852 0.4057
vn 0.8169 0.5022 0.2836
vn -0.5224 -0.2822 -0.8047
vn -0.3762 -0.5597 -0.7383
vn 0.2397 -0.5156 0.8226
vn -0.9801 -0.0376 0.1949
vn -0.2239 0.8854 0.4073
vn -0.1980 -0.3274 0.9239
vn -0.2380 0.3142 0.9190
vn 0.2236 0.6986 0.6797
vn 0.9508 0.3045 -0.0571
vn -0.0928 -0.1410 0.9856
vn -0.0273 0.5143 0.8572
vn 0.0297 0.1141 0.9930
vn -0.1774 0.6568 0.7330
vn 0.0848 -0.0675 0.9941
vn -0.0798 -0.4049 0.9109
vn 0.9743 -0.2242 0.0190
vn 0.2205 0.6126 0.7590
vn 0.0938 0.2766 0.9564
vn 0.9842 0.0151 0.1766
vn -0.0897 0.5760 0.8125
vn 0.0092 -0.9746 -0.2238
vn -0.0560 -0.5747 0.8165
vn -0.1653 -0.0071 0.9862
vn 0.2176 0.2286 0.9489
vn -0.2210 -0.4426 0.8690
vn -0.1495 0.5432 0.8262
vn -0.0395 0.2193 0.9749
vn -0.0152 0.5111 0.8594
vn 0.3837 0.4572 0.8024
vn -0.0870 -0.7139 0.6948
vn 0.0810 0.4267 0.9008
vn -0.0401 0.7597 0.6490
vn 0.1014 0.2937 0.9505
vn 0.0298 -0.2437 0.9694
vn 0.0203 0.1640 0.9862
vn -0.0323 0.3188 0.9473
vn -0.9262 -0.3731 -0.0547
vn -0.0094 -0.7196 0.6943
vn 0.2484 0.6259 0.7393
vn -0.2673 0.4883 0.8307
vn -0.1400 0.9899 0.0203
vn -0.9936 0.0733 -0.0865
vn 0.3783 0.1149 0.9185
vn 0.5316 0.4347 0.7269
vn -0.2708 0.7587 0.5925
vn 0.5068 -0.0092 -0.8620
vn 0.1416 -0.0913 0.9857
vn 0.3044 -0.2079 0.9296
vn 0.2041 0.2040 0.9575
vn -0.1727 0.3768 0.9101
vn -0.2299 -0.0342 0.9726
vn 0.0486 0.6009 0.7978
vn 0.2118 0.3143 0.9254
vn -0.4208 -0.2163 0.8810
vn 0.2094 0.5054 0.8371
vn -0.0938 -0.1477 0.9846
vn 0.2558 0.0506 0.9654
vn -0.0346 0.4728 0.8805
vn -0.2218 -0.0223 0.9748
vn -0.3739 0.0731 0.9246
vn 0.9840 0.1757 0.0283
vn -0.1354 0.2018 0.9700
vn 0.1909 -0.2597 0.9466
vn 0.3645 0.2710 0.8909
vn -0.0070 0.6810 0.7322
vn 0.0482 -0.4386 0.8974
vn -0.0081 0.0021 1.0000
vn -0.1591 0.1853 0.9697
vn -0.1491 0.4947 0.8562
vn 0.1725 0.5121 0.8414
vn 0.9324 0.3550 0.0680
vn -0.8520 0.3909 -0.3482
vn 0.2517 0.2594 0.9324
vn 0.3108 -0.2035 0.9284
vn 0.3053 0.2434 0.9206
vn 0.2506 -0.0212 0.9678
vn 0.5948 0.7970 0.1045
vn 0.2962 -0.1486 0.9435
vn 0.0463 0.2040 0.9779
vn -0.0833 0.4678 0.8799
vn -0.0326 0.9796 0.1985
vn -0.0908 -0.1292 0.9875
vn -0.9909 0.1207 -0.0590
vn -0.1235 0.1512 0.9808
vn 0.3033 -0.2076 0.9300
vn 0.3156 -0.1024 0.9434
vn 0.2504 -0.1375 0.9583
vn -0.1755 -0.3166 0.9322
vn -0.0710 -0.0989 0.9926
vn -0.3302 0.8669 0.3734
vn 0.7242 -0.6273 -0.2863
vn -0.2169 0.4614 0.8603
vn -0.1935 0.6637 0.7225
vn 0.1689 0.2710 0.9477
vn 0.0406 0.7481 0.6623
vn -0.1320 0.1473 0.9803
vn -0.2940 0.5765 0.7624
vn 0.0080 -0.0255 0.9996
vn 0.2104 0.1557 0.9651
vn -0.3838 0.5494 0.7422
vn 0.9640 0.1053 -0.2440
vn 0.7323 -0.1922 0.6533
vn -0.1735 0.6973 0.6955
vn -0.1496 0.7951 0.5878
vn -0.0748 0.2869 0.9550
vn 0.1473 -0.1218 0.9816
vn 0.4731 0.0045 0.8810
vn 0.0633 0.8336 0.5487
vn -0.1684 0.4338 0.8851
vn 0.9824 -0.0888 -0.1641
vn 0.2832 0.9482 -0.1437
vn -0.3517 -0.4193 -0.8369
vn 0.1501 0.7617 0.6303
vn -0.8782 0.4783 -0.0066
vn -0.0168 0.7743 0.6325
vn 0.3433 0.9186 -0.1955
vn -0.3551 0.9333 -0.0540
vn 0.3834 -0.8915 -0.2415
vn -0.3803 0.2866 -0.8793
vn 0.0254 0.5984 0.8008
vn 0.2522 0.1514 0.9558
vn -0.2721 0.2704 0.9235
vn 0.3685 -0.2926 0.8824
vn -0.0068 0.9766 0.2150
vn -0.2764 0.3242 0.9047
vn -0.3171 0.3998 0.8600
vn -0.1705 0.0868 0.9815
vn 0.2090 0.0131 0.9778
vn -0.0572 -0.2359 0.9701
vn 0.2213 -0.0748 0.9723
vn -0.2966 0.5172 0.8028
vn -0.8586 0.1307 -0.4956
vn 0.3322 0.9393 0.0859
vn -0.0994 0.5052 0.8573
vn -0.4206 -0.4544 0.7852
vn -0.2420 -0.1243 0.9623
vn 0.1642 0.8126 0.5592
vn -0.1508 0.1673 0.9743
vn -0.1701 0.4330 0.8852
vn -0.2814 0.8255 0.4893
vn 0.3337 0.4768 0.8132
vn -0.2862 -0.4063 0.8678
vn -0.2162 -0.2127 0.9529
vn -0.2473 0.8327 0.4954
vn 0.4243 -0.2064 0.8817
vn 0.0338 0.1051 0.9939
vn -0.0265 0.0747 0.9969
vn -0.2636 -0.0941 0.9600
vn -0.0168 0.1097 0.9938
vn -0.1582 0.4579 0.8748
vn -0.2708 -0.2874 0.9187
vn -0.0280 0.6375 0.7700
vn -0.1466 0.8767 0.4581
vn 0.9092 0.2648 -0.3212
vn -0.2333 -0.4260 0.8741
vn -0.0808 -0.1284 0.9884
vn 0.0694 0.0577 0.9959
vn -0.0423 -0.4640 0.8848
vn 0.0327 0.2056 0.9781
vn -0.9647 0.2556 -0.0638
vn -0.2431 0.7483 0.6172
vn 0.3579 -0.2524 0.8990
vn 0.9636 0.0591 -0.2609
vn 0.3313 0.1518 0.9312
vn 0.5034 -0.2081 0.8386
vn 0.4025 0.3397 0.8501
vn 0.7872 0.4840 -0.3823
vn -0.8110 0.1990 0.5501
vn 0.3943 -0.2233 0.8914
vn 0.1903 0.6722 0.7155
vn -0.6753 -0.7306 -0.1009
vn 0.7943 0.3235 0.5143
vn -0.1289 0.9854 0.1111
vn 0.7052 0.1391 0.6952
vn 0.8335 -0.1019 0.5431
vn 0.7692 -0.1076 0.6299
vn 0.6570 -0.6334 0.4090
vn 0.6153 0.2760 0.7384
vn 0.8235 -0.4039 0.3985
vn 0.5649 -0.3512 0.7467
vn 0.8398 0.3029 0.4506
vn 0.5908 -0.5517 0.5887
vn 0.2584 -0.3218 0.9109
vn 0.8084 0.3047 0.5036
vn 0.9303 0.1008 0.3526
vn 0.3904 0.5018 0.7718
vn 0.5764 -0.1436 0.8044
vn 0.5974 0.5995 0.5326
vn 0.4322 0.2499 0.8665
vn 0.1486 0.0574 0.9872
vn 0.0507 0.1185 0.9917
vn -0.8705 -0.2890 -0.3983
vn 0.3969 0.0314 0.9173
vn 0.0659 -0.7710 -0.6334
vn 0.3850 -0.5129 0.7672
vn 0.4347 -0.5784 0.6903
vn 0.2807 0.6876 0.6696
vn 0.7293 -0.1675 0.6633
vn 0.5546 -0.6890 0.4666
vn 0.6156 -0.2889 0.7332
vn 0.5238 0.4589 0.7176
vn 0.5810 0.2054 0.7875
vn 0.3750 0.6389 0.6717
vn 0.5520 0.4214 0.7195
vn 0.6035 0.0854 0.7928
vn 0.7360 -0.4306 0.5223
vn 0.6220 0.3853 0.6816
vn 0.7338 0.1712 0.6574
vn 0.7276 0.4258 0.5378
vn 0.5511 -0.1523 0.8204
vn 0.6154 -0.2890 0.7334
vn 0.7797 0.0512 0.6241
vn 0.8260 0.1300 0.5484
vn 0.5745 -0.0590 0.8164
vn -0.9299 0.3464 -0.1233
vn 0.4770 0.1027 0.8729
vn 0.4841 -0.6709 -0.5617
vn 0.4047 0.2253 0.8863
vn 0.9194 0.0873 0.3834
vn 0.6314 0.3086 0.7114
vn 0.6152 -0.0666 0.7856
vn 0.2473 -0.8239 -0.5100
vn 0.4526 0.1123 0.8846
vn 0.5052 -0.2643 0.8216
vn 0.6229 -0.1870 0.7596
vn 0.3930 0.3666 0.8433
vn 0.8706 0.0552 0.4890
vn 0.7983 0.4266 0.4251
vn 0.7229 0.4290 0.5416
vn 0.3867 0.4361 0.8125
vn 0.6353 -0.2843 0.7180
vn 0.8480 0.1667 0.5030
vn 0.1484 -0.0147 0.9888
vn 0.4986 0.0836 0.8628
vn 0.5489 -0.2092 0.8093
vn -0.6961 -0.1876 0.6931
vn 0.6752 0.2402 0.6974
vn 0.8484 -0.0187 0.5291
vn 0.4812 -0.3013 0.8232
vn 0.4972 -0.4922 0.7145
vn 0.3928 -0.9196 0.0054
vn -0.3590 0.3005 -0.8836
vn 0.2344 0.7692 0.5945
vn 0.0121 -0.4712 0.8819
vn -0.0612 0.1732 0.9830
vn 0.8281 -0.5163 -0.2185
vn -0.9881 -0.1300 0.0823
vn 0.6828 0.7244 -0.0947
vn 0.1726 0.5296 0.8305
vn 0.3431 0.5735 0.7439
vn 0.1666 0.6281 0.7601
vn 0.4739 -0.2768 0.8359
vn 0.3368 0.0619 0.9395
vn 0.0098 -0.9992 0.0391
vn 0.2015 0.1891 0.9611
vn 0.9206 -0.2392 -0.3087
vn 0.6858 -0.0666 0.7247
vn 0.6706 -0.5608 0.4856
vn 0.9213 -0.0008 -0.3889
vn 0.8816 -0.2037 0.4257
vn 0.6037 -0.0741 0.7937
vn 0.6534 0.0486 0.7554
vn -0.2143 0.2159 -0.9526
vn 0.8348 -0.0045 0.5505
vn 0.3937 -0.4083 0.8236
vn 0.4114 -0.2475 0.8772
vn 0.3135 -0.0803 0.9462
vn 0.8331 0.0521 0.5507
vn 0.5757 0.1534 0.8031
vn 0.3213 0.2745 0.9063
vn 0.7361 -0.1955 0.6480
vn 0.6682 -0.2519 0.7000
vn 0.0189 -0.9996 -0.0224
vn 0.9263 0.2588 -0.2738
vn 0.5305 -0.4103 0.7418
vn -0.2347 0.7546 -0.6128
vn 0.4554 -0.8630 -0.2187
vn 0.2671 -0.0480 0.9625
vn 0.7677 -0.1833 0.6141
vn 0.3499 0.0839 0.9330
vn 0.7703 0.2884 0.5687
vn 0.5596 -0.3749 0.7392
vn 0.6365 -0.3591 0.6826
vn 0.4581 -0.2296 0.8587
vn 0.4738 -0.6533 0.5906
vn 0.2890 0.0141 0.9572
vn 0.6716 -0.1941 0.7150
vn 0.0670 -0.8677 -0.4926
vn 0.5231 -0.2998 0.7978
vn 0.8599 -0.1234 0.4952
vn 0.7244 -0.2976 0.6219
vn 0.6296 -0.7571 0.1745
vn 0.9841 0.1213 0.1300
vn -0.6290 -0.0615 0.7750
vn 0.5562 0.0374 0.8302
vn 0.6352 0.2004 0.7459
vn 0.7223 -0.2771 0.6337
vn 0.6662 -0.3380 0.6647
vn 0.7822 0.0779 0.6182
vn 0.5099 -0.1760 0.8420
vn 0.3966 0.1947 0.8971
vn 0.6431 -0.4535 0.6170
vn 0.7471 -0.2165 0.6284
vn 0.5180 0.0621 0.8531
vn 0.4365 -0.4273 0.7917
vn 0.4421 0.5116 0.7367
vn 0.8294 -0.5328 -0.1682
vn -0.9984 0.0419 -0.0380
vn 0.9857 -0.1533 -0.0700
vn 0.9858 -0.1485 -0.0779
vn -0.9536 -0.2881 -0.0871
vn 0.0296 -0.9985 0.0471
vn -0.5569 0.8046 -0.2061
vn -0.9404 0.3232 0.1054
vn 0.7220 -0.3394 -0.6030
vn -0.9642 0.0394 -0.2621
vn -0.9762 -0.2058 -0.0686
vn -0.7203 0.6511 0.2394
vn 0.9599 -0.0754 -0.2700
vn -0.9206 -0.3552 0.1621
vn -0.8708 0.2858 -0.4000
vn 0.7881 0.3785 0.4854
vn -0.3420 -0.7415 -0.5773
vn 0.7429 -0.0666 -0.6661
vn -0.7327 -0.5609 -0.3853
vn 0.7459 -0.0861 -0.6605
vn -0.7076 0.6965 0.1195
vn 0.2252 -0.8683 -0.4419
vn 0.8839 0.4554 0.1067
vn 0.7089 0.2096 -0.6735
vn 0.8168 -0.2916 -0.4978
vn -0.9204 0.0017 -0.3911
vn 0.2545 0.9279 -0.2724
vn 0.0549 0.7798 -0.6236
vn 0.7837 0.0674 -0.6175
vn 0.1062 -0.5836 -0.8051
vn 0.8717 -0.0673 -0.4854
vn -0.9456 0.3075 0.1067
vn -0.9771 -0.1042 0.1854
vn -0.2439 0.8879 -0.3900
vn 0.2706 0.2315 0.9345
vn -0.9289 0.3489 -0.1241
vn 0.8327 -0.4588 -0.3100
vn 0.9971 -0.0755 0.0024
vn -0.9494 0.1498 -0.2759
vn -0.7123 0.6389 0.2905
vn -0.9423 -0.2817 -0.1810
vn 0.4434 -0.3046 0.8430
vn 0.5412 -0.8108 0.2232
vn -0.3659 0.8416 0.3972
vn 0.6289 -0.7257 -0.2791
vn 0.1061 0.5968 0.7954
vn -0.8653 -0.4962 0.0707
vn 0.7779 -0.2845 -0.5603
vn -0.8700 -0.1209 -0.4780
vn -0.2668 0.5419 -0.7970
vn 0.6866 -0.5369 -0.4902
vn -0.1995 0.2054 -0.9581
vn 0.0757 -0.3518 -0.9330
vn 0.7730 -0.5937 0.2237
vn -0.8307 -0.5567 0.0053
vn 0.6708 -0.6556 -0.3466
vn 0.9828 0.1810 -0.0355
vn -0.7223 -0.5673 -0.3955
vn 0.6440 -0.5210 -0.5602
vn 0.9968 -0.0773 0.0195
vn -0.9795 -0.1162 0.1646
vn -0.7507 0.5581 0.3536
vn 0.6703 -0.2585 0.6956
vn 0.0566 -0.9842 0.1676
vn -0.5790 0.7474 -0.3258
vn -0.2891 0.3905 -0.8740
vn 0.5451 -0.0777 -0.8348
vn 0.1813 -0.9100 -0.3728
vn 0.9750 -0.2184 0.0414
vn 0.9619 0.0157 0.2728
vn 0.9892 -0.1257 -0.0758
vn 0.8705 -0.4672 -0.1547
vn 0.7594 -0.4928 -0.4249
vn 0.6058 -0.7624 -0.2275
vn 0.8464 0.3519 -0.3998
vn -0.4279 -0.8454 0.3195
vn 0.9024 0.1793 0.3917
vn 0.7773 -0.2838 -0.5615
vn -0.8682 -0.1395 -0.4762
vn 0.9474 0.1792 0.2651
vn 0.9148 -0.3986 -0.0658
vn 0.9580 0.1113 0.2643
vn 0.9696 0.0614 0.2367
vn 0.9115 0.3677 0.1846
vn -0.2715 -0.2522 -0.9288
vn 0.4321 0.2843 0.8559
vn 0.8298 -0.5439 -0.1252
vn 0.2211 -0.5493 0.8059
vn -0.1045 -0.0014 -0.9945
vn 0.8581 0.4044 0.3163
vn 0.9581 -0.1585 0.2385
vn 0.7018 -0.7116 -0.0325
vn -0.3384 -0.4091 -0.8474
vn 0.9583 0.1100 0.2636
vn 0.6973 -0.7162 -0.0287
vn -0.6889 -0.2533 -0.6792
vn 0.9903 0.1238 0.0630
vn 0.6134 0.6939 0.3772
vn -0.6105 -0.7437 -0.2723
vn -0.0675 -0.0209 0.9975
vn 0.7995 0.4974 0.3368
vn 0.7407 0.5934 -0.3151
vn 0.7589 0.6213 -0.1951
vn 0.2628 0.5085 0.8200
vn 0.7573 0.5576 0.3399
vn 0.6638 0.7217 -0.1962
vn 0.3319 0.9433 -0.0057
vn 0.5858 0.7183 0.3754
vn 0.1352 0.9903 -0.0316
vn -0.2518 0.9245 0.2862
vn 0.1945 0.8596 0.4725
vn -0.6202 -0.7822 0.0594
vn 0.2809 0.9543 0.1017
vn 0.0290 0.9750 -0.2202
vn -0.8279 -0.5608 -0.0055
vn -0.9151 0.3900 0.1023
vn 0.1727 0.2394 -0.9554
vn -0.2388 0.7536 0.6124
vn 0.5518 0.5361 0.6389
vn 0.0043 -0.3039 -0.9527
vn 0.3545 0.8417 0.4072
vn -0.4736 0.2413 -0.8470
vn -0.4243 0.8749 -0.2336
vn -0.3210 0.9389 -0.1242
vn -0.1018 0.8754 0.4725
vn 0.1663 0.9653 0.2015
vn -0.3991 0.9058 0.1421
vn -0.2190 0.9754 0.0234
vn -0.4419 0.8262 0.3496
vn -0.2835 0.9392 -0.1935
vn 0.4117 0.8675 0.2790
vn 0.0157 0.9583 0.2855
vn 0.3809 0.8347 0.3977
vn -0.9456 -0.2790 0.1671
vn -0.6025 0.7123 -0.3601
vn -0.7693 0.6364 -0.0564
vn -0.1747 0.9841 -0.0324
vn 0.2600 0.9564 -0.1334
vn 0.8414 0.4279 0.3300
vn -0.1665 0.8297 0.5329
vn 0.1678 0.9573 0.2353
vn -0.9551 0.2428 0.1700
vn 0.0852 0.9964 -0.0014
vn 0.2703 0.9625 0.0218
vn 0.3226 0.4547 0.8302
vn -0.2008 0.9432 0.2648
vn -0.2125 0.8646 0.4553
vn 0.8547 0.5138 0.0746
vn 0.0828 0.1996 0.9764
vn 0.1649 0.9307 0.3265
vn -0.9245 0.2618 0.2771
vn -0.0472 0.8364 0.5461
vn 0.7609 0.6406 -0.1029
vn 0.8256 0.5643 -0.0037
vn 0.8007 0.5406 0.2582
vn -0.9551 0.2509 0.1574
vn -0.5554 0.7584 -0.3410
vn 0.7919 0.6089 0.0463
vn -0.2319 0.9602 0.1556
vn 0.8686 0.3865 0.3100
vn 0.5894 0.6013 0.5395
vn 0.5751 0.6717 0.4670
vn -0.2322 0.7446 0.6258
vn -0.3147 0.8730 0.3728
vn 0.1918 0.9802 -0.0500
vn 0.2418 0.9285 -0.2817
vn 0.7045 0.7071 0.0608
vn 0.7633 0.5742 -0.2960
vn 0.3007 0.8418 0.4483
vn 0.2532 0.9564 -0.1455
vn 0.8147 0.5044 0.2861
vn -0.2364 0.9660 -0.1042
vn -0.5535 0.7123 -0.4316
vn -0.2899 -0.1556 0.9443
vn 0.1910 0.9706 0.1462
vn -0.7665 0.5027 0.3998
vn 0.6182 0.7860 -0.0016
vn 0.4115 0.8019 0.4332
vn 0.2070 0.6844 0.6991
vn 0.6156 0.7161 -0.3289
vn -0.0032 0.7443 0.6678
vn 0.0490 0.9343 0.3530
vn 0.5842 0.8011 -0.1303
vn -0.9728 -0.2270 -0.0463
vn 0.4340 0.4159 0.7992
vn -0.7625 0.6384 0.1052
vn 0.3927 0.8314 0.3932
vn -0.5217 0.8525 0.0340
vn -0.1238 0.7408 0.6603
vn -0.0420 0.9943 -0.0981
vn 0.8524 0.4494 0.2673
vn -0.6253 0.6089 -0.4880
vn 0.3976 0.9081 0.1314
vn 0.3768 0.8850 0.2734
vn -0.8025 0.3912 0.4506
vn -0.5594 0.6910 0.4577
vn -0.2026 0.8820 0.4255
vn -0.5489 0.1365 -0.8247
vn -0.2915 -0.0414 0.9557
vn -0.8200 0.1587 0.5499
vn -0.6347 -0.0576 0.7706
vn -0.4965 0.7799 0.3811
vn -0.7511 0.3533 0.5577
vn -0.7513 0.3459 0.5620
vn -0.8179 -0.3959 0.4175
vn 0.1430 -0.8853 -0.4425
vn -0.8836 0.3896 0.2596
vn -0.4174 0.3326 0.8456
vn -0.4293 -0.0226 -0.9029
vn -0.3599 0.1170 -0.9256
vn -0.8031 -0.0643 0.5924
vn -0.8019 -0.2925 0.5210
vn -0.6384 0.3402 0.6904
vn -0.4925 -0.1491 0.8574
vn -0.0194 0.2644 0.9642
vn 0.8374 -0.4517 -0.3077
vn -0.6086 0.6322 0.4795
vn 0.1921 -0.8523 -0.4865
vn -0.9376 0.3455 0.0392
vn -0.9318 -0.1843 0.3128
vn -0.5595 0.8238 0.0909
vn -0.4018 0.6452 0.6498
vn -0.0889 -0.9356 -0.3418
vn 0.5413 0.7258 -0.4245
vn -0.2358 -0.3459 0.9081
vn -0.7802 -0.1173 0.6144
vn -0.3522 0.9202 0.1711
vn -0.7526 0.2886 0.5919
vn -0.7269 -0.1187 0.6764
vn -0.5964 -0.3508 0.7220
vn -0.7261 -0.1174 0.6775
vn 0.1621 -0.7176 -0.6773
vn -0.5178 -0.3067 0.7986
vn -0.3060 -0.0031 0.9520
vn -0.5095 -0.2727 0.8161
vn -0.6934 -0.0227 0.7202
vn -0.3302 -0.3405 0.8803
vn -0.6507 -0.1335 0.7475
vn -0.8457 0.4983 -0.1912
vn -0.6019 0.4624 0.6511
vn -0.0237 -0.5453 -0.8379
vn -0.9737 0.2245 0.0395
vn 0.7940 -0.3067 0.5249
vn -0.6256 0.0020 0.7801
vn 0.7898 0.3953 0.4689
vn -0.4586 -0.2960 0.8379
vn -0.6473 0.1969 0.7364
vn 0.5511 -0.8218 0.1445
vn -0.2109 0.8806 0.4245
vn -0.4228 0.3420 0.8392
vn -0.2913 0.1463 0.9454
vn -0.4027 0.6646 0.6293
vn 0.5673 -0.4808 -0.6685
vn -0.8700 -0.1216 0.4778
vn -0.8599 -0.3149 0.4017
vn -0.6877 0.4462 0.5727
vn -0.6509 0.2370 0.7212
vn -0.8221 0.0338 0.5684
vn -0.8223 0.1541 0.5477
vn 0.1196 0.2871 -0.9504
vn -0.3940 0.5473 0.7384
vn -0.2343 -0.3386 -0.9113
vn -0.8824 -0.2004 0.4257
vn -0.8119 -0.0493 0.5817
vn -0.1243 0.2173 -0.9682
vn -0.2914 0.7890 0.5409
vn -0.7204 0.5726 0.3914
vn -0.5602 0.6886 0.4605
vn -0.7309 0.2876 0.6190
vn -0.5681 0.6804 0.4630
vn -0.5096 0.2979 -0.8072
vn -0.3533 -0.2419 -0.9037
vn -0.5580 -0.1796 0.8102
vn -0.1604 0.1334 -0.9780
vn -0.8189 0.1760 0.5463
vn -0.1850 0.2475 -0.9511
vn -0.8221 -0.2513 0.5109
vn -0.5064 0.7761 0.3759
vn -0.8010 0.1914 0.5672
vn -0.7188 0.6917 -0.0701
vn -0.8605 0.3242 0.3930
vn -0.3760 0.7986 0.4700
vn -0.5201 -0.4369 0.7339
vn -0.6893 0.2536 0.6787
vn -0.6337 -0.1679 0.7552
vn -0.8127 0.2534 0.5248
vn 0.7625 -0.6358 -0.1199
vn 0.0572 0.6590 0.7499
vn -0.7320 0.0523 0.6793
vn -0.8028 0.3177 0.5045
vn -0.2435 -0.2106 -0.9467
vn -0.0554 0.6725 -0.7380
vn 0.2291 0.8275 -0.5127
vn -0.6218 0.1217 -0.7737
vn -0.4293 -0.3407 -0.8364
vn 0.5652 -0.7784 -0.2732
vn -0.7804 0.0484 -0.6234
vn -0.9443 -0.0161 -0.3286
vn -0.9460 -0.1296 -0.2970
vn -0.7332 -0.4938 -0.4675
vn -0.4189 -0.6576 -0.6262
vn -0.9972 0.0434 -0.0603
vn -0.6349 -0.6352 -0.4398
vn -0.9800 0.0641 -0.1883
vn 0.0363 0.7462 -0.6647
vn -0.3263 0.6912 -0.6448
vn -0.6287 -0.1957 -0.7526
vn -0.7939 0.1668 -0.5848
vn -0.5816 -0.7351 -0.3483
vn -0.7729 -0.3313 -0.5412
vn -0.9563 0.2334 0.1764
vn -0.8388 0.2060 -0.5039
vn 0.2074 0.7536 0.6237
vn -0.6887 -0.6327 -0.3543
vn -0.8802 -0.2154 -0.4228
vn -0.9042 -0.2809 -0.3217
vn -0.7366 0.6126 -0.2866
vn -0.9772 0.0628 -0.2030
vn 0.1025 0.7786 0.6191
vn 0.2624 -0.5082 0.8203
vn -0.9721 -0.1615 -0.1699
vn -0.7699 0.3940 0.5020
vn -0.8142 -0.3115 0.4900
vn -0.9016 0.1042 -0.4199
vn -0.7539 -0.1820 -0.6313
vn -0.9274 -0.2037 -0.3138
vn -0.1010 -0.9874 0.1215
vn -0.7408 0.4564 -0.4928
vn -0.9372 -0.0401 -0.3464
vn -0.8159 -0.5763 -0.0471
vn -0.9777 0.1469 -0.1500
vn -0.8209 0.5708 -0.0170
vn -0.9166 0.1877 -0.3531
vn 0.1759 -0.5071 -0.8437
vn -0.9042 -0.2808 -0.3219
vn -0.6498 0.2690 -0.7110
vn -0.3229 0.1842 -0.9283
vn -0.9632 0.2166 0.1594
vn -0.9951 0.0984 0.0093
vn -0.9566 -0.0865 -0.2782
vn 0.4513 0.5571 -0.6971
vn -0.9033 -0.3740 0.2103
vn -0.9158 0.2952 -0.2722
vn -0.9527 -0.0459 -0.3006
vn -0.6216 0.7017 -0.3482
vn 0.4252 0.3898 -0.8169
vn -0.8893 -0.4419 -0.1176
vn -0.9603 -0.0002 0.2788
vn -0.4289 0.8666 -0.2551
vn 0.2984 0.5672 -0.7676
vn -0.6705 -0.3362 -0.6613
vn -0.7964 0.5653 0.2149
vn -0.6264 0.6915 -0.3598
vn -0.7562 0.5532 -0.3493
vn -0.9412 0.3219 0.1027
vn -0.6794 -0.6318 -0.3730
vn -0.9569 0.2585 -0.1323
vn -0.7539 -0.6211 -0.2141
vn -0.9489 -0.3145 -0.0252
vn 0.2191 0.6145 0.7579
vn -0.1645 0.4650 -0.8699
vn -0.6576 0.2864 -0.6968
vn -0.8244 -0.4851 -0.2916
vn -0.8705 0.4921 -0.0100
vn -0.5236 0.8514 0.0301
vn -0.9991 0.0068 0.0409
vn -0.6514 0.5856 -0.4824
vn -0.9080 0.2778 0.3136
vn -0.7385 -0.1253 -0.6626
vn 0.1313 0.6090 -0.7822
vn -0.0143 -0.9996 -0.0223
vn -0.9254 0.1862 0.3300
vn -0.1351 0.5910 -0.7953
vn -0.1091 0.7855 -0.6092
vn 0.1667 0.3523 -0.9209
vn -0.4716 0.6382 0.6085
vn -0.4767 -0.7478 -0.4621
vn -0.7962 -0.1802 -0.5775
vn -0.9713 0.0388 -0.2346
vn -0.7285 0.5845 -0.3571
vn -0.7580 0.1321 -0.6388
vn -0.7047 0.3533 -0.6153
vn 0.0339 0.9085 -0.4164
vn -0.5704 -0.6836 -0.4553
vn -0.7962 -0.3152 -0.5165
vn -0.5601 0.0780 -0.8247
vn -0.4466 0.7663 -0.4619
vn -0.6913 -0.6747 -0.2586
vn -0.0362 0.1851 -0.9821
vn -0.9918 0.1032 -0.0757
vn -0.8988 0.2607 -0.3523
vn -0.0990 0.7156 -0.6915
vn -0.7784 0.4042 -0.4803
vn -0.6231 -0.1281 -0.7716
vn -0.8557 -0.4664 -0.2242
vn -0.7957 0.1729 -0.5805
vn -0.6185 0.1774 -0.7655
vn -0.9729 0.1117 -0.2024
vn -0.8808 -0.3080 -0.3596
vn -0.6398 0.4606 -0.6153
vn -0.7405 0.5790 -0.3412
vn -0.7344 0.6000 -0.3173
vn -0.6549 0.7553 0.0247
vn -0.6351 -0.7409 -0.2184
vn -0.9204 0.0736 -0.3839
vn -0.8285 0.1883 -0.5273
vn -0.6982 0.7117 -0.0776
vn -0.9871 0.0560 -0.1500
vn -0.4134 0.8973 -0.1546
vn -0.8991 0.2617 -0.3509
vn -0.8820 0.0391 -0.4696
vn -0.5026 -0.2254 0.8346
vn -0.4043 0.9031 -0.1447
vn 0.5500 0.7930 -0.2620
vn -0.2072 0.5905 -0.7800
vn 0.1014 0.0691 -0.9924
vn -0.4265 0.8683 -0.2531
vn 0.3971 0.5800 -0.7113
vn 0.4401 0.3519 -0.8261
vn 0.9134 -0.0849 -0.3982
vn 0.8857 -0.2464 -0.3935
vn 0.7094 0.2980 -0.6387
vn 0.6145 0.0804 -0.7848
vn 0.3517 0.6412 -0.6820
vn 0.4709 0.4194 -0.7761
vn 0.4705 0.4665 -0.7490
vn -0.0766 0.2750 -0.9584
vn -0.3873 0.4760 0.7896
vn -0.0037 -0.9989 0.0472
vn 0.3348 0.3206 -0.8861
vn -0.6699 -0.0245 -0.7420
vn 0.4755 0.2139 -0.8533
vn -0.0301 0.8738 -0.4853
vn -0.0169 0.8938 -0.4482
vn -0.0426 0.5268 -0.8489
vn -0.1385 -0.9902 -0.0170
vn 0.6986 -0.0433 -0.7141
vn 0.7739 0.5444 -0.3235
vn -0.2048 0.7617 -0.6147
vn 0.3607 0.6039 -0.7108
vn 0.3406 0.7866 -0.5150
vn -0.0336 -0.9963 0.0794
vn 0.0208 -0.9995 0.0224
vn -0.2460 0.5612 -0.7903
vn -0.0415 0.8980 -0.4381
vn 0.5116 0.5097 -0.6917
vn 0.0393 0.5600 -0.8275
vn 0.5703 0.2622 -0.7785
vn 0.0217 0.2326 -0.9723
vn -0.0798 0.9564 -0.2808
vn -0.0151 0.5290 -0.8485
vn 0.1709 0.6588 -0.7326
vn 0.4109 0.3968 -0.8208
vn 0.1155 0.2026 -0.9724
vn -0.3955 -0.2286 -0.8896
vn 0.4834 0.2600 -0.8359
vn 0.0470 0.4090 -0.9113
vn 0.4643 0.0001 -0.8857
vn 0.3862 -0.9185 0.0849
vn -0.3201 -0.5930 -0.7388
vn -0.0284 0.7608 -0.6484
vn 0.0497 0.7843 -0.6184
vn -0.1946 0.6880 -0.6991
vn -0.2318 0.5743 -0.7852
vn 0.3759 0.7984 -0.4704
vn -0.3536 0.6809 -0.6414
vn 0.5720 0.3587 -0.7377
vn 0.5526 0.2238 -0.8028
vn 0.1287 0.8413 -0.5250
vn -0.2472 0.7680 -0.5908
vn 0.8893 0.4116 -0.1995
vn -0.0042 0.9195 -0.3931
vn -0.2338 0.9163 -0.3251
vn -0.2590 0.9086 -0.3276
vn 0.6283 0.2573 -0.7342
vn -0.0176 0.7667 -0.6418
vn -0.0280 0.7559 -0.6541
vn -0.1540 0.9080 -0.3897
vn 0.5421 0.3141 -0.7794
vn -0.6237 -0.1523 0.7667
vn -0.1624 -0.3484 -0.9232
vn -0.4107 -0.2307 0.8821
vn 0.2183 0.3595 -0.9072
vn -0.1217 0.7060 -0.6976
vn 0.0861 0.7306 0.6773
vn 0.2514 0.8250 -0.5062
vn -0.2461 0.8888 -0.3868
vn 0.2973 0.3825 -0.8748
vn -0.3225 0.7574 -0.5677
vn -0.0825 0.5233 -0.8481
vn 0.0827 0.7523 -0.6537
vn 0.2943 0.8762 -0.3815
vn -0.6399 0.7126 -0.2877
vn -0.0542 0.9487 0.3116
vn 0.4752 0.1268 -0.8707
vn 0.3223 0.5899 -0.7404
vn -0.0235 0.3644 -0.9310
vn -0.6549 0.2956 -0.6955
vn -0.3870 0.3532 -0.8518
vn 0.0198 0.7382 0.6743
vn -0.4128 -0.1251 -0.9022
vn -0.4576 0.1735 -0.8721
vn 0.4035 -0.1296 -0.9058
vn -0.3660 0.5740 -0.7326
vn -0.5405 -0.3531 -0.7637
vn 0.3997 -0.1507 -0.9042
vn 0.0150 0.3464 -0.9380
vn -0.2224 0.2565 -0.9406
vn -0.4022 0.2018 -0.8930
vn 0.1231 -0.1509 -0.9809
vn -0.0422 0.2005 -0.9788
vn -0.6734 0.2969 -0.6770
vn 0.3328 0.1148 -0.9360
vn -0.4376 0.1882 -0.8793
vn 0.2126 -0.5691 -0.7943
vn 0.1971 0.1547 -0.9681
vn 0.0704 -0.0885 -0.9936
vn -0.4498 0.3433 -0.8245
vn -0.8018 -0.1417 -0.5805
vn 0.0327 0.3377 -0.9407
vn 0.0333 -0.0482 -0.9983
vn -0.3199 -0.1752 -0.9311
vn -0.4769 0.1063 -0.8725
vn 0.1195 -0.3863 -0.9146
vn -0.2353 -0.4230 -0.8751
vn -0.6805 -0.3575 -0.6396
vn -0.0660 -0.5892 -0.8053
vn -0.2723 -0.7003 -0.6599
vn 0.8016 0.2145 -0.5581
vn 0.1970 -0.9784 -0.0626
vn 0.6194 -0.0220 -0.7847
vn -0.2709 -0.1143 -0.9558
vn -0.4842 -0.3967 -0.7799
vn 0.6922 -0.1876 -0.6969
vn -0.4569 0.3609 -0.8130
vn 0.6282 -0.0869 -0.7732
vn 0.0369 0.1675 -0.9852
vn 0.5309 -0.4641 -0.7091
vn 0.5483 -0.0586 -0.8342
vn 0.3911 0.0909 -0.9158
vn -0.3693 0.4152 -0.8314
vn 0.3846 -0.5020 -0.7746
vn -0.3158 -0.2938 -0.9022
vn -0.0700 -0.2470 -0.9665
vn 0.6419 0.0770 -0.7629
vn -0.2375 0.0961 -0.9666
vn -0.3918 -0.3277 -0.8597
vn 0.4679 -0.3049 -0.8295
vn -0.7330 0.4802 -0.4819
vn -0.5501 -0.8332 -0.0556
vn -0.0855 -0.5545 -0.8278
vn 0.2483 -0.3891 -0.8871
vn 0.2660 -0.0076 -0.9639
vn -0.2515 0.3281 -0.9105
vn -0.5182 -0.3691 -0.7715
vn 0.4417 0.0796 -0.8936
vn 0.0681 -0.2904 -0.9545
vn 0.3026 -0.3167 -0.8990
vn 0.3056 -0.0806 -0.9487
vn 0.2533 -0.1699 -0.9524
vn 0.4630 -0.1550 -0.8727
vn 0.0399 -0.3112 -0.9495
vn 0.3659 -0.2211 -0.9040
vn 0.0205 -0.3870 -0.9219
vn 0.5715 -0.7181 -0.3972
vn 0.2785 -0.3658 -0.8881
vn -0.3684 0.0916 -0.9251
vn -0.4067 -0.3438 -0.8464
vn 0.1699 -0.8472 -0.5034
vn 0.1790 -0.6145 -0.7684
vn 0.1620 0.2705 -0.9490
vn 0.1177 0.1380 -0.9834
vn -0.2156 -0.1666 -0.9622
vn -0.1200 -0.1816 -0.9760
vn 0.3738 0.0881 -0.9233
vn 0.1927 -0.3736 -0.9074
vn -0.2685 -0.4223 -0.8658
vn 0.3683 -0.2148 -0.9045
vn -0.0921 0.6545 -0.7504
vn -0.5938 0.0598 -0.8024
vn 0.2057 -0.4192 -0.8843
vn 0.1323 -0.5364 -0.8336
vn 0.1874 0.0187 -0.9821
vn 0.2456 -0.1701 -0.9543
vn 0.2204 -0.0672 -0.9731
vn 0.2336 0.3037 -0.9237
vn 0.1766 -0.2753 -0.9450
vn 0.1608 -0.2900 -0.9434
vn 0.0111 0.0443 -0.9990
vn 0.1178 -0.4329 -0.8937
vn 0.1663 -0.2636 -0.9502
vn -0.2756 -0.3367 -0.9004
vn 0.1246 -0.7260 -0.6763
vn 0.1600 -0.6194 -0.7686
vn -0.5259 -0.0569 -0.8487
vn -0.0913 0.3185 -0.9435
vn -0.3188 0.5173 -0.7942
vn 0.2072 -0.1716 -0.9631
vn 0.1573 -0.8242 -0.5440
vn -0.1921 0.1329 -0.9723
vn 0.1265 -0.1216 -0.9845
vn 0.1563 -0.0183 -0.9875
vn -0.0956 -0.0327 -0.9949
vn 0.2425 0.3437 -0.9072
vn 0.1914 -0.2642 -0.9453
vn 0.2178 -0.1728 -0.9606
vn -0.0363 -0.8401 -0.5413
vn 0.1253 0.1617 -0.9788
vn 0.8010 -0.5654 0.1970
vn 0.1648 0.0424 -0.9854
vn -0.9444 -0.0155 -0.3285
vn -0.5883 0.3108 -0.7465
vn 0.7285 -0.6510 0.2134
vn -0.7382 -0.1254 -0.6628
vn -0.0817 -0.4854 -0.8705
vn -0.5573 -0.1210 -0.8214
vn 0.2779 -0.7595 0.5881
vn -0.0385 0.2735 -0.9611
vn -0.7300 -0.0933 -0.6771
vn 0.1724 -0.6987 0.6943
vn -0.5678 -0.1620 -0.8071
vn -0.1681 -0.4000 -0.9010
vn -0.2230 -0.4429 -0.8684
vn -0.4084 -0.6953 -0.5914
vn -0.2839 0.0116 -0.9588
vn -0.5582 -0.0466 -0.8284
vn -0.6951 0.2907 -0.6575
vn -0.2477 -0.7298 -0.6372
vn 0.0616 -0.0752 -0.9953
vn -0.0100 -0.9950 0.0989
vn 0.0531 -0.1219 -0.9911
vn -0.7797 0.3561 -0.5150
vn -0.4207 -0.1180 -0.8995
vn -0.2491 -0.2460 -0.9367
vn -0.2010 0.1526 -0.9676
vn -0.6825 0.3022 -0.6655
vn -0.8640 0.4912 -0.1107
vn -0.1562 0.9068 0.3916
vn -0.0361 0.5519 -0.8331
vn -0.5584 -0.3572 -0.7488
vn -0.5094 -0.2641 -0.8190
vn 0.0906 -0.5337 0.8408
vn -0.5855 -0.2022 -0.7851
vn -0.2283 0.1654 -0.9594
vn -0.3018 0.2856 -0.9096
vn -0.1145 -0.4385 -0.8914
vn -0.3240 -0.3490 -0.8793
vn -0.0327 0.0140 -0.9994
vn -0.0701 -0.2469 -0.9665
vn -0.0025 -0.9996 0.0273
vn 0.0187 -0.9997 0.0125
vn 0.0168 -0.9490 0.3149
vn 0.4323 -0.8827 0.1842
vn -0.0602 -0.9926 0.1053
vn 0.0495 -0.9731 -0.2249
vn -0.0049 -0.9885 0.1509
vn -0.3409 -0.9324 -0.1203
vn -0.4260 -0.8223 0.3774
vn 0.1696 -0.9777 -0.1236
vn -0.9658 0.0036 -0.2591
vn 0.2915 -0.9512 0.1011
vn -0.7880 -0.6082 -0.0955
vn 0.1268 -0.7617 0.6353
vn 0.0221 -0.9987 0.0460
vn -0.9224 -0.2706 0.2757
vn -0.7234 -0.6672 0.1778
vn 0.0851 -0.9920 -0.0934
vn 0.0806 -0.7419 -0.6656
vn 0.0906 -0.9946 0.0500
vn 0.1392 -0.9822 0.1264
vn -0.2683 -0.9330 0.2399
vn -0.6416 -0.7437 0.1880
vn 0.0883 -0.9931 -0.0778
vn -0.8348 -0.5466 -0.0657
vn 0.4353 -0.7617 0.4800
vn -0.6021 -0.7674 0.2205
vn -0.4333 -0.8757 -0.2132
vn 0.1353 -0.8625 0.4877
vn 0.0397 -0.9986 -0.0337
vn -0.6362 -0.7620 -0.1208
vn 0.1607 -0.7136 0.6818
vn 0.0614 -0.9979 -0.0213
vn -0.4530 -0.5746 0.6816
vn 0.8853 0.3631 0.2905
vn -0.0458 -0.9782 0.2028
vn -0.5367 -0.6852 0.4923
vn -0.6797 -0.6016 0.4196
vn 0.0173 -0.9996 -0.0210
vn -0.8823 -0.4173 0.2178
vn -0.4639 -0.7195 0.5169
vn 0.2692 -0.9379 -0.2190
vn -0.4351 -0.7392 0.5141
vn 0.2117 -0.5736 0.7913
vn -0.1184 -0.6048 0.7875
vn -0.8070 -0.4170 0.4181
vn 0.2964 -0.9393 -0.1725
vn 0.4192 -0.2907 0.8601
vn -0.2791 -0.9220 0.2685
vn 0.0708 -0.9969 0.0347
vn -0.8210 -0.5345 0.2004
vn -0.0429 -0.9990 0.0122
vn -0.7461 -0.6071 0.2735
vn -0.6506 -0.0165 0.7592
vn 0.0231 -0.9185 0.3947
vn -0.7194 -0.6837 -0.1222
vn -0.6700 -0.7391 0.0692
vn -0.5182 -0.2263 -0.8248
vn -0.0036 -0.9330 0.3598
vn 0.4468 -0.8728 0.1962
vn -0.1462 -0.7583 0.6353
vn -0.8204 -0.5476 -0.1647
vn -0.3552 -0.9049 -0.2345
vn -0.6860 -0.5544 0.4712
vn -0.6910 -0.5209 0.5012
vn -0.2228 0.8490 0.4791
vn 0.8967 -0.0899 -0.4334
vn 0.4456 -0.8295 0.3367
vn -0.6844 -0.6855 0.2482
vn -0.0913 -0.9929 0.0758
vn -0.3922 -0.8791 -0.2707
vn -0.4526 -0.7959 0.4020
vn -0.9471 -0.0681 0.3137
vn 0.4432 -0.8647 0.2365
vn -0.4715 -0.7588 0.4493
vn 0.6013 -0.5921 0.5366
vn -0.0054 -1.0000 -0.0051
vn -0.0160 -0.9999 0.0064
vn -0.4422 -0.8240 0.3543
vn -0.3136 -0.9418 0.1211
vn -0.4225 -0.1595 0.8922
vn -0.0792 -0.9964 0.0287
vn -0.4558 -0.7530 0.4746
vn -0.2885 -0.9573 0.0189
vn -0.2488 -0.9685 -0.0041
vn 0.6461 -0.7574 0.0946
vn -0.4598 -0.7635 0.4535
vn -0.0033 -0.9999 -0.0158
vn -0.0571 -0.9981 0.0218
vn -0.2883 -0.9303 0.2268
vn -0.3066 -0.8734 0.3783
vn -0.2656 -0.6944 0.6688
vn 0.4183 -0.6971 0.5824
vn -0.2666 -0.6964 0.6663
vn -0.9440 -0.0179 -0.3294
vn -0.9397 -0.1009 -0.3267
vn 0.0178 -0.2288 0.9733
vn -0.7799 -0.5062 -0.3681
vn -0.9221 0.1498 -0.3569
vn -0.0048 -0.9998 -0.0210
vn -0.9419 0.0210 -0.3353
vn -0.2058 -0.8527 0.4801
vn -0.0806 -0.9259 -0.3692
vn 0.0633 -0.9977 0.0231
vn -0.2322 -0.9725 0.0200
vn 0.6310 -0.6628 0.4032
vn -0.0442 -0.9967 0.0676
vn -0.0202 -0.9992 0.0356
vn 0.0611 -0.9981 -0.0075
vn -0.0202 -0.9990 -0.0405
vn 0.9125 -0.4091 -0.0027
vn -0.5078 0.4650 -0.7252
vn 0.1977 -0.9324 0.3026
vn -0.0209 -0.9991 0.0366
vn -0.0269 -0.9984 0.0496
vn -0.7320 -0.0806 -0.6765
vn -0.5561 -0.7783 -0.2915
vn 0.5052 -0.7313 0.4582
vn 0.4845 -0.7989 0.3565
vn 0.2311 0.0997 0.9678
vn -0.3366 -0.8297 0.4452
vn 0.0625 -0.9980 0.0098
vn 0.0234 -0.9941 0.1057
vn -0.2855 -0.5672 0.7725
vn -0.0975 -0.9789 0.1795
vn 0.1400 -0.9899 -0.0206
vn -0.4287 -0.4635 0.7755
vn 0.2212 -0.9523 0.2104
vn 0.0363 -0.9993 -0.0036
vn 0.4038 -0.8990 -0.1694
vn 0.0153 -0.9996 0.0255
vn -0.2624 -0.6085 0.7489
vn 0.1902 -0.7801 0.5960
vn -0.7677 -0.5322 -0.3570
vn -0.0080 -0.9989 0.0462
vn -0.1140 -0.5435 0.8316
vn -0.0605 -0.9923 0.1081
vn -0.9074 -0.0863 0.4114
vn 0.3808 -0.7911 -0.4786
vn 0.3837 -0.7734 -0.5045
vn -0.2359 -0.4668 -0.8523
vn -0.2368 -0.5048 -0.8301
vn 0.1295 -0.9913 0.0236
vn -0.0564 -0.9551 -0.2908
vn 0.1525 -0.9863 -0.0635
vn -0.0871 -0.8785 -0.4697
vn 0.1304 -0.9824 -0.1340
vn 0.1489 -0.9791 -0.1388
vn 0.1573 -0.9797 -0.1239
vn 0.4368 -0.8443 -0.3103
vn 0.4673 -0.8518 -0.2369
vn 0.5518 -0.7434 -0.3779
s 0
f 323//1 337//1 212//1
f 575//2 398//2 577//2
f 306//3 95//3 225//3
f 160//4 72//4 73//4
f 326//5 324//5 70//5
f 101//6 120//6 351//6
f 199//7 440//7 502//7
f 346//8 57//8 82//8
f 39//9 212//9 346//9
f 351//10 120//10 348//10
f 291//11 121//11 264//11
f 45//12 34//12 54//12
f 299//13 323//13 319//13
f 507//14 519//14 512//14
f 92//15 358//15 480//15
f 126//16 45//16 54//16
f 57//17 42//17 82//17
f 319//18 323//18 212//18
f 440//19 199//19 450//19
f 97//20 200//20 126//20
f 200//21 45//21 126//21
f 45//22 114//22 34//22
f 142//23 454//23 130//23
f 34//24 114//24 98//24
f 579//25 268//25 280//25
f 267//26 282//26 269//26
f 146//27 165//27 377//27
f 134//28 200//28 97//28
f 282//29 292//29 281//29
f 312//30 136//30 246//30
f 395//31 376//31 360//31
f 328//32 443//32 298//32
f 150//33 174//33 165//33
f 259//34 136//34 81//34
f 146//35 150//35 165//35
f 191//36 31//36 20//36
f 282//37 281//37 269//37
f 146//38 129//38 139//38
f 128//39 110//39 145//39
f 53//40 64//40 37//40
f 114//41 186//41 56//41
f 167//42 160//42 321//42
f 122//43 129//43 163//43
f 110//44 141//44 145//44
f 296//45 312//45 313//45
f 32//46 53//46 37//46
f 84//47 90//47 113//47
f 380//48 385//48 379//48
f 58//49 303//49 216//49
f 41//50 316//50 47//50
f 180//51 393//51 506//51
f 32//52 37//52 31//52
f 244//53 243//53 314//53
f 73//54 72//54 68//54
f 116//55 129//55 122//55
f 139//56 150//56 146//56
f 145//57 141//57 158//57
f 313//58 312//58 246//58
f 116//59 139//59 129//59
f 174//60 150//60 173//60
f 128//61 137//61 109//61
f 159//62 168//62 158//62
f 116//63 140//63 139//63
f 122//64 106//64 116//64
f 280//65 82//65 580//65
f 159//66 166//66 171//66
f 140//67 150//67 139//67
f 286//68 300//68 225//68
f 18//69 22//69 13//69
f 580//70 339//70 579//70
f 122//71 557//71 106//71
f 116//72 123//72 140//72
f 247//73 166//73 141//73
f 30//74 37//74 52//74
f 74//75 91//75 65//75
f 140//76 147//76 150//76
f 150//77 170//77 173//77
f 171//78 183//78 5//78
f 30//79 20//79 37//79
f 147//80 170//80 150//80
f 171//81 172//81 159//81
f 128//82 145//82 137//82
f 123//83 116//83 106//83
f 140//84 123//84 147//84
f 61//85 74//85 65//85
f 359//86 363//86 550//86
f 20//87 31//87 37//87
f 20//88 30//88 25//88
f 27//89 49//89 26//89
f 101//90 321//90 120//90
f 408//91 443//91 314//91
f 123//92 117//92 147//92
f 170//93 325//93 138//93
f 18//94 27//94 26//94
f 311//95 371//95 238//95
f 79//96 117//96 106//96
f 117//97 123//97 106//97
f 155//98 154//98 147//98
f 154//99 170//99 147//99
f 79//100 108//100 117//100
f 154//101 72//101 170//101
f 176//102 11//102 15//102
f 50//103 79//103 62//103
f 18//104 23//104 27//104
f 50//105 76//105 79//105
f 147//106 117//106 155//106
f 171//107 5//107 172//107
f 108//108 143//108 117//108
f 143//109 155//109 117//109
f 271//110 251//110 303//110
f 23//111 50//111 27//111
f 79//112 107//112 108//112
f 155//113 33//113 154//113
f 72//114 48//114 170//114
f 83//115 84//115 103//115
f 76//116 107//116 79//116
f 156//117 155//117 143//117
f 156//118 33//118 155//118
f 33//119 72//119 154//119
f 81//120 119//120 259//120
f 328//121 318//121 399//121
f 23//122 43//122 50//122
f 43//123 76//123 50//123
f 172//124 5//124 132//124
f 108//125 124//125 143//125
f 255//126 17//126 322//126
f 124//127 108//127 107//127
f 141//128 159//128 158//128
f 132//129 68//129 169//129
f 120//130 321//130 96//130
f 133//131 149//131 143//131
f 254//132 301//132 252//132
f 149//133 156//133 143//133
f 43//134 71//134 76//134
f 71//135 107//135 76//135
f 71//136 124//136 107//136
f 124//137 133//137 143//137
f 381//138 71//138 43//138
f 321//139 160//139 73//139
f 575//140 288//140 268//140
f 3//141 33//141 156//141
f 3//142 72//142 33//142
f 141//143 166//143 159//143
f 94//144 91//144 347//144
f 151//145 156//145 149//145
f 3//146 68//146 72//146
f 83//147 67//147 84//147
f 172//148 132//148 168//148
f 25//149 36//149 24//149
f 286//150 292//150 300//150
f 60//151 207//151 208//151
f 159//152 172//152 168//152
f 25//153 38//153 36//153
f 156//154 151//154 161//154
f 80//155 90//155 84//155
f 84//156 113//156 103//156
f 6//157 87//157 96//157
f 161//158 3//158 156//158
f 82//159 480//159 580//159
f 120//160 350//160 348//160
f 516//161 510//161 425//161
f 25//162 30//162 38//162
f 443//163 408//163 345//163
f 96//164 68//164 6//164
f 348//165 350//165 342//165
f 405//166 374//166 406//166
f 310//167 578//167 187//167
f 463//168 396//168 410//168
f 68//169 132//169 6//169
f 113//170 90//170 125//170
f 112//171 118//171 131//171
f 125//172 128//172 113//172
f 120//173 96//173 87//173
f 137//174 131//174 118//174
f 137//175 352//175 131//175
f 61//176 65//176 40//176
f 80//177 84//177 67//177
f 77//178 89//178 112//178
f 89//179 118//179 112//179
f 137//180 115//180 352//180
f 328//181 298//181 452//181
f 120//182 87//182 350//182
f 91//183 94//183 65//183
f 38//184 30//184 44//184
f 89//185 109//185 118//185
f 69//186 87//186 6//186
f 162//187 169//187 161//187
f 169//188 3//188 161//188
f 321//189 73//189 68//189
f 171//190 245//190 183//190
f 30//191 51//191 44//191
f 77//192 83//192 89//192
f 321//193 68//193 96//193
f 64//194 52//194 37//194
f 128//195 109//195 113//195
f 168//196 169//196 162//196
f 89//197 103//197 109//197
f 109//198 137//198 118//198
f 169//199 68//199 3//199
f 83//200 103//200 89//200
f 145//201 115//201 137//201
f 78//202 162//202 115//202
f 292//203 334//203 300//203
f 30//204 52//204 51//204
f 51//205 67//205 83//205
f 51//206 52//206 64//206
f 64//207 67//207 51//207
f 103//208 113//208 109//208
f 130//209 93//209 291//209
f 15//210 11//210 135//210
f 53//211 80//211 67//211
f 237//212 136//212 312//212
f 362//213 23//213 14//213
f 53//214 232//214 80//214
f 45//215 200//215 114//215
f 335//216 81//216 465//216
f 373//217 379//217 422//217
f 214//218 224//218 32//218
f 218//219 207//219 176//219
f 440//220 439//220 502//220
f 200//221 205//221 114//221
f 218//222 176//222 206//222
f 114//223 205//223 186//223
f 220//224 200//224 134//224
f 225//225 75//225 215//225
f 241//226 134//226 522//226
f 225//227 95//227 74//227
f 220//228 134//228 241//228
f 61//229 215//229 75//229
f 219//230 190//230 266//230
f 202//231 215//231 201//231
f 174//232 241//232 559//232
f 220//233 205//233 200//233
f 205//234 231//234 186//234
f 196//235 191//235 185//235
f 55//236 186//236 231//236
f 166//237 204//237 171//237
f 195//238 205//238 220//238
f 189//239 18//239 13//239
f 14//240 18//240 189//240
f 425//241 510//241 424//241
f 232//242 53//242 224//242
f 417//243 433//243 577//243
f 241//244 173//244 220//244
f 214//245 32//245 31//245
f 69//246 6//246 5//246
f 226//247 55//247 231//247
f 310//248 203//248 213//248
f 173//249 195//249 220//249
f 227//250 231//250 205//250
f 227//251 226//251 231//251
f 236//252 229//252 218//252
f 195//253 227//253 205//253
f 204//254 247//254 242//254
f 211//255 236//255 16//255
f 195//256 222//256 227//256
f 125//257 141//257 110//257
f 233//258 28//258 245//258
f 232//259 242//259 240//259
f 138//260 195//260 173//260
f 195//261 138//261 222//261
f 55//262 226//262 322//262
f 221//263 235//263 224//263
f 409//264 244//264 399//264
f 224//265 235//265 234//265
f 260//266 267//266 269//266
f 204//267 166//267 247//267
f 148//268 229//268 7//268
f 204//269 248//269 233//269
f 221//270 228//270 235//270
f 578//271 485//271 187//271
f 125//272 110//272 128//272
f 234//273 235//273 242//273
f 236//274 218//274 16//274
f 233//275 245//275 171//275
f 138//276 216//276 222//276
f 222//277 216//277 227//277
f 233//278 223//278 28//278
f 255//279 176//279 15//279
f 65//280 210//280 196//280
f 248//281 86//281 223//281
f 12//282 191//282 20//282
f 248//283 204//283 242//283
f 242//284 247//284 240//284
f 19//285 365//285 362//285
f 216//286 138//286 325//286
f 94//287 86//287 228//287
f 196//288 210//288 191//288
f 203//289 16//289 218//289
f 16//290 187//290 211//290
f 474//291 486//291 466//291
f 229//292 207//292 218//292
f 35//293 201//293 40//293
f 184//294 25//294 24//294
f 258//295 270//295 257//295
f 447//296 450//296 199//296
f 428//297 458//297 266//297
f 5//298 6//298 132//298
f 190//299 207//299 229//299
f 91//300 74//300 95//300
f 209//301 255//301 251//301
f 573//302 25//302 184//302
f 524//303 525//303 523//303
f 240//304 125//304 90//304
f 281//305 292//305 286//305
f 248//306 242//306 235//306
f 202//307 275//307 215//307
f 271//308 302//308 310//308
f 275//309 225//309 215//309
f 228//310 248//310 235//310
f 209//311 176//311 255//311
f 194//312 432//312 392//312
f 228//313 86//313 248//313
f 174//314 173//314 241//314
f 32//315 224//315 53//315
f 240//316 90//316 80//316
f 230//317 219//317 208//317
f 190//318 230//318 207//318
f 206//319 176//319 209//319
f 207//320 60//320 11//320
f 196//321 185//321 192//321
f 543//322 546//322 530//322
f 136//323 237//323 81//323
f 210//324 221//324 224//324
f 410//325 415//325 489//325
f 269//326 262//326 260//326
f 12//327 185//327 191//327
f 207//328 11//328 176//328
f 74//329 61//329 75//329
f 248//330 223//330 233//330
f 215//331 61//331 201//331
f 206//332 209//332 213//332
f 191//333 210//333 31//333
f 210//334 214//334 31//334
f 573//335 20//335 25//335
f 210//336 224//336 214//336
f 198//337 506//337 211//337
f 213//338 203//338 206//338
f 65//339 94//339 228//339
f 234//340 242//340 232//340
f 251//341 310//341 213//341
f 427//342 265//342 279//342
f 27//343 62//343 49//343
f 224//344 234//344 232//344
f 75//345 225//345 74//345
f 65//346 228//346 221//346
f 40//347 65//347 196//347
f 236//348 7//348 229//348
f 80//349 232//349 240//349
f 247//350 125//350 240//350
f 65//351 221//351 210//351
f 230//352 208//352 207//352
f 230//353 190//353 219//353
f 203//354 218//354 206//354
f 233//355 171//355 204//355
f 433//356 288//356 577//356
f 93//357 130//357 454//357
f 268//358 288//358 39//358
f 268//359 39//359 280//359
f 336//360 66//360 252//360
f 543//361 565//361 546//361
f 466//362 411//362 317//362
f 301//363 384//363 243//363
f 293//364 294//364 289//364
f 399//365 264//365 152//365
f 264//366 121//366 152//366
f 408//367 1//367 345//367
f 578//368 310//368 302//368
f 447//369 333//369 454//369
f 406//370 387//370 376//370
f 190//371 148//371 266//371
f 577//372 398//372 417//372
f 296//373 294//373 311//373
f 291//374 264//374 47//374
f 293//375 289//375 277//375
f 374//376 49//376 412//376
f 339//377 580//377 179//377
f 279//378 212//378 39//378
f 237//379 239//379 465//379
f 311//380 238//380 312//380
f 264//381 399//381 47//381
f 307//382 475//382 2//382
f 470//383 348//383 460//383
f 311//384 312//384 296//384
f 485//385 198//385 211//385
f 238//386 237//386 312//386
f 254//387 384//387 301//387
f 243//388 341//388 408//388
f 175//389 278//389 104//389
f 23//390 18//390 14//390
f 244//391 328//391 399//391
f 277//392 289//392 276//392
f 280//393 39//393 82//393
f 454//394 142//394 448//394
f 323//395 63//395 10//395
f 450//396 454//396 448//396
f 185//397 182//397 192//397
f 552//398 192//398 182//398
f 369//399 376//399 373//399
f 277//400 276//400 270//400
f 173//401 170//401 138//401
f 447//402 454//402 450//402
f 294//403 296//403 289//403
f 328//404 314//404 443//404
f 290//405 461//405 217//405
f 457//406 276//406 289//406
f 175//407 194//407 392//407
f 425//408 511//408 516//408
f 192//409 552//409 196//409
f 385//410 380//410 386//410
f 270//411 276//411 257//411
f 271//412 310//412 251//412
f 8//413 291//413 47//413
f 263//414 273//414 258//414
f 250//415 279//415 288//415
f 314//416 243//416 408//416
f 341//417 1//417 408//417
f 213//418 209//418 251//418
f 571//419 362//419 189//419
f 405//420 406//420 361//420
f 486//421 411//421 466//421
f 304//422 311//422 294//422
f 263//423 258//423 477//423
f 250//424 427//424 279//424
f 246//425 86//425 94//425
f 39//426 288//426 279//426
f 433//427 250//427 288//427
f 273//428 270//428 258//428
f 579//429 575//429 268//429
f 237//430 465//430 81//430
f 524//431 526//431 528//431
f 259//432 223//432 86//432
f 289//433 296//433 457//433
f 244//434 314//434 328//434
f 251//435 226//435 227//435
f 281//436 286//436 275//436
f 226//437 255//437 322//437
f 246//438 259//438 86//438
f 259//439 119//439 223//439
f 102//440 194//440 521//440
f 247//441 141//441 125//441
f 148//442 7//442 309//442
f 67//443 64//443 53//443
f 266//444 393//444 428//444
f 303//445 251//445 227//445
f 275//446 286//446 225//446
f 269//447 281//447 275//447
f 516//448 521//448 510//448
f 226//449 251//449 255//449
f 262//450 269//450 275//450
f 521//451 194//451 88//451
f 136//452 259//452 246//452
f 57//453 144//453 42//453
f 451//454 339//454 179//454
f 27//455 50//455 62//455
f 319//456 212//456 265//456
f 475//457 271//457 327//457
f 334//458 306//458 300//458
f 186//459 55//459 56//459
f 39//460 346//460 82//460
f 334//461 340//461 306//461
f 340//462 347//462 306//462
f 306//463 347//463 95//463
f 343//464 347//464 340//464
f 343//465 94//465 347//465
f 246//466 94//466 343//466
f 121//467 291//467 157//467
f 246//468 343//468 340//468
f 313//469 246//469 340//469
f 105//470 157//470 291//470
f 93//471 105//471 291//471
f 476//472 455//472 432//472
f 60//473 135//473 11//473
f 56//474 55//474 322//474
f 179//475 580//475 480//475
f 153//476 144//476 57//476
f 469//477 284//477 468//477
f 345//478 326//478 400//478
f 345//479 324//479 326//479
f 58//480 325//480 48//480
f 322//481 70//481 56//481
f 324//482 345//482 1//482
f 101//483 167//483 321//483
f 337//484 10//484 153//484
f 344//485 70//485 332//485
f 212//486 337//486 153//486
f 56//487 70//487 320//487
f 153//488 57//488 346//488
f 252//489 152//489 121//489
f 298//490 345//490 400//490
f 299//491 63//491 323//491
f 326//492 70//492 144//492
f 327//493 167//493 2//493
f 212//494 279//494 265//494
f 320//495 164//495 98//495
f 327//496 58//496 160//496
f 152//497 301//497 409//497
f 332//498 70//498 17//498
f 327//499 160//499 167//499
f 17//500 255//500 15//500
f 70//501 324//501 1//501
f 153//502 326//502 144//502
f 327//503 303//503 58//503
f 168//504 132//504 169//504
f 160//505 58//505 48//505
f 305//506 405//506 355//506
f 56//507 320//507 98//507
f 327//508 271//508 303//508
f 81//509 338//509 119//509
f 458//510 219//510 266//510
f 414//511 10//511 63//511
f 298//512 443//512 345//512
f 338//513 28//513 119//513
f 70//514 1//514 320//514
f 58//515 216//515 325//515
f 183//516 245//516 28//516
f 100//517 183//517 28//517
f 135//518 60//518 29//518
f 320//519 1//519 164//519
f 144//520 70//520 344//520
f 144//521 344//521 42//521
f 28//522 338//522 100//522
f 81//523 335//523 338//523
f 160//524 48//524 72//524
f 475//525 327//525 2//525
f 303//526 227//526 216//526
f 167//527 101//527 2//527
f 361//528 406//528 395//528
f 24//529 19//529 184//529
f 17//530 70//530 322//530
f 412//531 387//531 406//531
f 338//532 350//532 100//532
f 100//533 69//533 183//533
f 183//534 69//534 5//534
f 335//535 342//535 338//535
f 115//536 145//536 78//536
f 158//537 168//537 78//537
f 338//538 342//538 350//538
f 66//539 254//539 252//539
f 29//540 60//540 208//540
f 406//541 374//541 412//541
f 87//542 69//542 100//542
f 219//543 135//543 29//543
f 48//544 325//544 170//544
f 471//545 299//545 319//545
f 223//546 119//546 28//546
f 328//547 452//547 318//547
f 350//548 87//548 100//548
f 212//549 153//549 346//549
f 22//550 405//550 305//550
f 36//551 23//551 370//551
f 43//552 36//552 381//552
f 357//553 21//553 4//553
f 77//554 51//554 83//554
f 127//555 133//555 124//555
f 49//556 62//556 557//556
f 326//557 153//557 10//557
f 133//558 352//558 149//558
f 131//559 352//559 133//559
f 124//560 388//560 127//560
f 309//561 7//561 506//561
f 326//562 10//562 253//562
f 54//563 34//563 383//563
f 180//564 357//564 4//564
f 178//565 111//565 193//565
f 381//566 59//566 71//566
f 124//567 71//567 388//567
f 13//568 22//568 305//568
f 112//569 131//569 127//569
f 162//570 161//570 151//570
f 580//571 579//571 280//571
f 151//572 149//572 352//572
f 485//573 211//573 187//573
f 405//574 361//574 355//574
f 387//575 557//575 386//575
f 326//576 253//576 400//576
f 378//577 98//577 164//577
f 391//578 579//578 339//578
f 335//579 423//579 342//579
f 375//580 54//580 382//580
f 38//581 59//581 381//581
f 405//582 22//582 374//582
f 370//583 23//583 365//583
f 38//584 44//584 59//584
f 77//585 388//585 59//585
f 77//586 59//586 44//586
f 261//587 481//587 260//587
f 163//588 129//588 372//588
f 375//589 382//589 563//589
f 77//590 112//590 388//590
f 377//591 367//591 372//591
f 126//592 54//592 375//592
f 79//593 557//593 62//593
f 364//594 368//594 363//594
f 383//595 34//595 378//595
f 417//596 250//596 433//596
f 359//597 364//597 363//597
f 7//598 236//598 211//598
f 54//599 383//599 382//599
f 190//600 229//600 148//600
f 112//601 127//601 388//601
f 367//602 377//602 165//602
f 187//603 203//603 310//603
f 36//604 38//604 381//604
f 359//605 369//605 364//605
f 146//606 377//606 129//606
f 34//607 98//607 378//607
f 393//608 148//608 309//608
f 412//609 49//609 557//609
f 447//610 372//610 333//610
f 360//611 369//611 359//611
f 365//612 24//612 370//612
f 333//613 367//613 366//613
f 131//614 133//614 127//614
f 429//615 438//615 356//615
f 370//616 24//616 36//616
f 357//617 180//617 198//617
f 372//618 447//618 295//618
f 372//619 367//619 333//619
f 102//620 432//620 194//620
f 352//621 162//621 151//621
f 378//622 1//622 341//622
f 36//623 43//623 23//623
f 380//624 379//624 376//624
f 164//625 1//625 378//625
f 284//626 397//626 468//626
f 179//627 452//627 451//627
f 129//628 377//628 372//628
f 88//629 194//629 175//629
f 362//630 365//630 23//630
f 432//631 102//631 476//631
f 71//632 59//632 388//632
f 17//633 135//633 332//633
f 376//634 379//634 373//634
f 369//635 368//635 364//635
f 378//636 341//636 384//636
f 352//637 115//637 162//637
f 249//638 97//638 375//638
f 367//639 165//639 366//639
f 366//640 165//640 566//640
f 383//641 384//641 254//641
f 575//642 577//642 288//642
f 17//643 15//643 135//643
f 382//644 383//644 254//644
f 383//645 378//645 384//645
f 250//646 491//646 427//646
f 418//647 274//647 460//647
f 429//648 441//648 430//648
f 299//649 471//649 315//649
f 489//650 436//650 473//650
f 481//651 261//651 257//651
f 63//652 299//652 315//652
f 404//653 308//653 417//653
f 417//654 308//654 401//654
f 401//655 308//655 315//655
f 308//656 63//656 315//656
f 384//657 341//657 243//657
f 308//658 414//658 63//658
f 391//659 404//659 398//659
f 460//660 459//660 444//660
f 407//661 468//661 397//661
f 436//662 445//662 449//662
f 445//663 217//663 449//663
f 329//664 414//664 308//664
f 421//665 445//665 436//665
f 414//666 329//666 10//666
f 88//667 217//667 445//667
f 29//668 208//668 219//668
f 297//669 329//669 308//669
f 436//670 489//670 421//670
f 421//671 510//671 445//671
f 88//672 104//672 217//672
f 376//673 387//673 380//673
f 145//674 158//674 78//674
f 174//675 559//675 165//675
f 404//676 297//676 308//676
f 366//677 566//677 105//677
f 566//678 157//678 105//678
f 445//679 521//679 88//679
f 489//680 415//680 421//680
f 445//681 510//681 521//681
f 561//682 569//682 558//682
f 394//683 317//683 396//683
f 421//684 415//684 424//684
f 391//685 339//685 256//685
f 256//686 404//686 391//686
f 297//687 404//687 256//687
f 396//688 474//688 394//688
f 477//689 523//689 478//689
f 421//690 424//690 510//690
f 331//691 458//691 4//691
f 474//692 469//692 468//692
f 329//693 253//693 10//693
f 557//694 387//694 412//694
f 415//695 425//695 424//695
f 423//696 335//696 459//696
f 336//697 252//697 121//697
f 466//698 394//698 474//698
f 419//699 425//699 415//699
f 406//700 376//700 395//700
f 459//701 335//701 389//701
f 387//702 386//702 380//702
f 252//703 301//703 152//703
f 411//704 419//704 415//704
f 335//705 272//705 389//705
f 513//706 446//706 178//706
f 409//707 301//707 244//707
f 9//708 219//708 331//708
f 394//709 466//709 317//709
f 244//710 301//710 243//710
f 532//711 533//711 543//711
f 409//712 399//712 152//712
f 339//713 46//713 256//713
f 253//714 329//714 297//714
f 114//715 56//715 98//715
f 418//716 453//716 274//716
f 330//717 349//717 111//717
f 451//718 46//718 339//718
f 297//719 256//719 46//719
f 9//720 135//720 219//720
f 333//721 93//721 454//721
f 9//722 331//722 21//722
f 366//723 105//723 93//723
f 446//724 142//724 330//724
f 334//725 434//725 416//725
f 546//726 545//726 530//726
f 333//727 366//727 93//727
f 455//728 274//728 392//728
f 435//729 274//729 455//729
f 461//730 441//730 520//730
f 360//731 376//731 369//731
f 513//732 439//732 442//732
f 446//733 448//733 142//733
f 253//734 297//734 46//734
f 468//735 407//735 413//735
f 142//736 349//736 330//736
f 8//737 316//737 349//737
f 278//738 430//738 441//738
f 505//739 439//739 513//739
f 446//740 442//740 448//740
f 452//741 46//741 451//741
f 368//742 407//742 397//742
f 439//743 440//743 442//743
f 278//744 175//744 392//744
f 400//745 253//745 46//745
f 130//746 8//746 349//746
f 470//747 460//747 274//747
f 368//748 397//748 363//748
f 413//749 420//749 498//749
f 442//750 450//750 448//750
f 298//751 46//751 452//751
f 464//752 21//752 99//752
f 422//753 420//753 413//753
f 442//754 440//754 450//754
f 298//755 400//755 46//755
f 332//756 21//756 464//756
f 332//757 9//757 21//757
f 332//758 135//758 9//758
f 420//759 422//759 426//759
f 142//760 130//760 349//760
f 399//761 318//761 41//761
f 373//762 413//762 407//762
f 373//763 422//763 413//763
f 369//764 407//764 368//764
f 291//765 8//765 130//765
f 47//766 399//766 41//766
f 97//767 126//767 375//767
f 373//768 407//768 369//768
f 265//769 471//769 319//769
f 455//770 392//770 432//770
f 427//771 491//771 265//771
f 411//772 415//772 317//772
f 356//773 456//773 429//773
f 239//774 371//774 356//774
f 296//775 313//775 416//775
f 416//776 457//776 296//776
f 239//777 237//777 238//777
f 304//778 294//778 500//778
f 389//779 272//779 438//779
f 356//780 371//780 456//780
f 335//781 465//781 272//781
f 491//782 471//782 265//782
f 374//783 26//783 49//783
f 569//784 565//784 558//784
f 438//785 272//785 356//785
f 498//786 486//786 413//786
f 272//787 239//787 356//787
f 278//788 441//788 290//788
f 351//789 348//789 470//789
f 416//790 434//790 457//790
f 556//791 571//791 564//791
f 282//792 434//792 292//792
f 82//793 42//793 344//793
f 464//794 82//794 344//794
f 429//795 456//795 441//795
f 423//796 459//796 348//796
f 556//797 564//797 549//797
f 556//798 549//798 541//798
f 444//799 188//799 460//799
f 344//800 332//800 464//800
f 464//801 99//801 82//801
f 441//802 461//802 290//802
f 99//803 480//803 82//803
f 410//804 473//804 463//804
f 2//805 435//805 285//805
f 392//806 274//806 453//806
f 460//807 188//807 418//807
f 99//808 472//808 480//808
f 430//809 278//809 418//809
f 491//810 250//810 417//810
f 472//811 403//811 480//811
f 462//812 431//812 467//812
f 302//813 472//813 578//813
f 203//814 187//814 16//814
f 506//815 393//815 309//815
f 285//816 435//816 455//816
f 348//817 459//817 460//817
f 403//818 431//818 92//818
f 431//819 462//819 92//819
f 342//820 423//820 348//820
f 290//821 217//821 104//821
f 302//822 475//822 403//822
f 238//823 371//823 239//823
f 313//824 340//824 334//824
f 435//825 470//825 274//825
f 271//826 475//826 302//826
f 475//827 307//827 403//827
f 101//828 351//828 470//828
f 101//829 470//829 435//829
f 434//830 334//830 292//830
f 307//831 402//831 403//831
f 403//832 402//832 431//832
f 101//833 435//833 2//833
f 465//834 239//834 272//834
f 566//835 165//835 559//835
f 472//836 99//836 181//836
f 51//837 77//837 44//837
f 402//838 467//838 431//838
f 455//839 476//839 285//839
f 347//840 91//840 95//840
f 307//841 285//841 402//841
f 278//842 290//842 104//842
f 459//843 389//843 444//843
f 317//844 415//844 410//844
f 402//845 476//845 467//845
f 313//846 334//846 416//846
f 307//847 2//847 285//847
f 331//848 219//848 458//848
f 78//849 168//849 162//849
f 456//850 371//850 514//850
f 285//851 476//851 402//851
f 430//852 438//852 429//852
f 349//853 316//853 111//853
f 111//854 316//854 437//854
f 22//855 18//855 26//855
f 41//856 358//856 316//856
f 358//857 452//857 179//857
f 282//858 492//858 434//858
f 486//859 468//859 413//859
f 513//860 178//860 517//860
f 267//861 492//861 282//861
f 492//862 457//862 434//862
f 467//863 197//863 462//863
f 177//864 390//864 193//864
f 267//865 276//865 492//865
f 276//866 457//866 492//866
f 428//867 4//867 458//867
f 92//868 480//868 403//868
f 41//869 452//869 358//869
f 481//870 267//870 260//870
f 496//871 419//871 411//871
f 419//872 496//872 425//872
f 177//873 193//873 467//873
f 426//874 507//874 420//874
f 278//875 392//875 453//875
f 519//876 390//876 177//876
f 517//877 178//877 519//877
f 178//878 330//878 111//878
f 481//879 276//879 267//879
f 357//880 198//880 472//880
f 442//881 446//881 513//881
f 485//882 472//882 198//882
f 505//883 507//883 426//883
f 302//884 403//884 472//884
f 564//885 571//885 568//885
f 294//886 293//886 500//886
f 316//887 358//887 437//887
f 420//888 507//888 496//888
f 304//889 500//889 311//889
f 111//890 437//890 197//890
f 500//891 514//891 311//891
f 102//892 177//892 476//892
f 277//893 273//893 293//893
f 500//894 503//894 514//894
f 503//895 504//895 514//895
f 197//896 437//896 462//896
f 273//897 487//897 293//897
f 498//898 496//898 411//898
f 512//899 102//899 516//899
f 514//900 371//900 311//900
f 486//901 498//901 411//901
f 507//902 512//902 496//902
f 263//903 487//903 273//903
f 104//904 88//904 175//904
f 533//905 548//905 543//905
f 517//906 519//906 507//906
f 487//907 493//907 293//907
f 493//908 500//908 293//908
f 474//909 468//909 486//909
f 8//910 47//910 316//910
f 508//911 456//911 514//911
f 263//912 482//912 487//912
f 500//913 497//913 503//913
f 500//914 493//914 497//914
f 503//915 497//915 504//915
f 504//916 508//916 514//916
f 263//917 479//917 482//917
f 497//918 494//918 504//918
f 496//919 511//919 425//919
f 270//920 273//920 277//920
f 487//921 484//921 493//921
f 193//922 111//922 197//922
f 516//923 102//923 521//923
f 7//924 211//924 506//924
f 482//925 484//925 487//925
f 188//926 389//926 430//926
f 188//927 444//927 389//927
f 181//928 99//928 21//928
f 484//929 497//929 493//929
f 520//930 456//930 508//930
f 504//931 509//931 508//931
f 531//932 469//932 474//932
f 484//933 494//933 497//933
f 430//934 389//934 438//934
f 181//935 21//935 357//935
f 257//936 276//936 481//936
f 477//937 478//937 263//937
f 499//938 504//938 494//938
f 504//939 499//939 509//939
f 508//940 509//940 520//940
f 418//941 188//941 430//941
f 484//942 488//942 494//942
f 512//943 519//943 102//943
f 358//944 179//944 480//944
f 484//945 483//945 488//945
f 488//946 499//946 494//946
f 496//947 512//947 511//947
f 479//948 483//948 482//948
f 482//949 483//949 484//949
f 420//950 496//950 498//950
f 278//951 453//951 418//951
f 462//952 437//952 92//952
f 499//953 501//953 509//953
f 463//954 478//954 523//954
f 197//955 467//955 193//955
f 263//956 478//956 479//956
f 509//957 518//957 520//957
f 519//958 177//958 102//958
f 456//959 520//959 441//959
f 488//960 501//960 499//960
f 478//961 463//961 479//961
f 473//962 483//962 479//962
f 518//963 461//963 520//963
f 546//964 572//964 556//964
f 479//965 463//965 473//965
f 404//966 417//966 398//966
f 4//967 21//967 331//967
f 572//968 571//968 556//968
f 178//969 446//969 330//969
f 473//970 488//970 483//970
f 193//971 390//971 519//971
f 553//972 201//972 35//972
f 177//973 467//973 476//973
f 401//974 491//974 417//974
f 539//975 533//975 534//975
f 4//976 428//976 393//976
f 473//977 495//977 488//977
f 495//978 501//978 488//978
f 513//979 517//979 505//979
f 178//980 193//980 519//980
f 180//981 4//981 393//981
f 318//982 452//982 41//982
f 517//983 507//983 505//983
f 501//984 515//984 509//984
f 477//985 524//985 523//985
f 509//986 515//986 518//986
f 284//987 363//987 397//987
f 283//988 396//988 463//988
f 495//989 515//989 501//989
f 518//990 515//990 461//990
f 354//991 361//991 395//991
f 395//992 360//992 354//992
f 26//993 374//993 22//993
f 410//994 489//994 473//994
f 436//995 495//995 473//995
f 436//996 515//996 495//996
f 249//997 375//997 563//997
f 436//998 449//998 515//998
f 515//999 449//999 461//999
f 449//1000 217//1000 461//1000
f 198//1001 180//1001 506//1001
f 472//1002 181//1002 357//1002
f 437//1003 358//1003 92//1003
f 511//1004 512//1004 516//1004
f 547//1005 182//1005 562//1005
f 182//1006 574//1006 562//1006
f 573//1007 184//1007 19//1007
f 262//1008 553//1008 538//1008
f 574//1009 362//1009 571//1009
f 579//1010 398//1010 575//1010
f 573//1011 19//1011 574//1011
f 579//1012 391//1012 398//1012
f 528//1013 526//1013 532//1013
f 538//1014 535//1014 261//1014
f 535//1015 547//1015 542//1015
f 552//1016 182//1016 547//1016
f 561//1017 562//1017 569//1017
f 537//1018 539//1018 534//1018
f 562//1019 551//1019 547//1019
f 562//1020 561//1020 551//1020
f 548//1021 558//1021 543//1021
f 261//1022 535//1022 534//1022
f 472//1023 485//1023 578//1023
f 538//1024 547//1024 535//1024
f 538//1025 552//1025 547//1025
f 537//1026 535//1026 542//1026
f 157//1027 336//1027 121//1027
f 261//1028 534//1028 257//1028
f 549//1029 564//1029 555//1029
f 202//1030 201//1030 553//1030
f 157//1031 566//1031 336//1031
f 566//1032 490//1032 336//1032
f 12//1033 573//1033 182//1033
f 534//1034 526//1034 258//1034
f 336//1035 490//1035 66//1035
f 189//1036 362//1036 14//1036
f 258//1037 524//1037 477//1037
f 535//1038 537//1038 534//1038
f 225//1039 300//1039 306//1039
f 532//1040 530//1040 528//1040
f 359//1041 353//1041 360//1041
f 490//1042 382//1042 66//1042
f 532//1043 543//1043 530//1043
f 295//1044 447//1044 199//1044
f 563//1045 382//1045 490//1045
f 260//1046 538//1046 261//1046
f 490//1047 249//1047 563//1047
f 522//1048 134//1048 97//1048
f 524//1049 528//1049 530//1049
f 254//1050 66//1050 382//1050
f 539//1051 544//1051 533//1051
f 182//1052 185//1052 12//1052
f 566//1053 249//1053 490//1053
f 565//1054 572//1054 546//1054
f 199//1055 502//1055 295//1055
f 558//1056 565//1056 543//1056
f 502//1057 287//1057 295//1057
f 365//1058 19//1058 24//1058
f 559//1059 249//1059 566//1059
f 439//1060 570//1060 502//1060
f 570//1061 85//1061 502//1061
f 315//1062 471//1062 401//1062
f 522//1063 249//1063 559//1063
f 202//1064 553//1064 262//1064
f 522//1065 97//1065 249//1065
f 284//1066 550//1066 363//1066
f 505//1067 426//1067 570//1067
f 163//1068 295//1068 287//1068
f 163//1069 372//1069 295//1069
f 337//1070 323//1070 10//1070
f 148//1071 393//1071 266//1071
f 35//1072 552//1072 538//1072
f 85//1073 287//1073 502//1073
f 551//1074 548//1074 544//1074
f 426//1075 422//1075 570//1075
f 551//1076 558//1076 548//1076
f 355//1077 576//1077 305//1077
f 241//1078 522//1078 559//1078
f 287//1079 85//1079 163//1079
f 196//1080 35//1080 40//1080
f 531//1081 540//1081 469//1081
f 540//1082 284//1082 469//1082
f 550//1083 353//1083 359//1083
f 570//1084 385//1084 85//1084
f 305//1085 189//1085 13//1085
f 353//1086 550//1086 284//1086
f 561//1087 558//1087 551//1087
f 422//1088 385//1088 570//1088
f 533//1089 544//1089 548//1089
f 275//1090 202//1090 262//1090
f 85//1091 567//1091 163//1091
f 560//1092 284//1092 540//1092
f 560//1093 353//1093 284//1093
f 386//1094 85//1094 385//1094
f 386//1095 567//1095 85//1095
f 557//1096 122//1096 163//1096
f 196//1097 552//1097 35//1097
f 567//1098 557//1098 163//1098
f 353//1099 354//1099 360//1099
f 361//1100 354//1100 355//1100
f 201//1101 61//1101 40//1101
f 283//1102 531//1102 396//1102
f 396//1103 531//1103 474//1103
f 526//1104 534//1104 533//1104
f 353//1105 355//1105 354//1105
f 386//1106 557//1106 567//1106
f 463//1107 523//1107 283//1107
f 283//1108 527//1108 531//1108
f 353//1109 576//1109 355//1109
f 554//1110 560//1110 540//1110
f 568//1111 353//1111 560//1111
f 525//1112 527//1112 283//1112
f 540//1113 531//1113 527//1113
f 541//1114 540//1114 527//1114
f 536//1115 541//1115 527//1115
f 396//1116 317//1116 410//1116
f 553//1117 35//1117 538//1117
f 525//1118 283//1118 523//1118
f 189//1119 576//1119 353//1119
f 401//1120 471//1120 491//1120
f 570//1121 439//1121 505//1121
f 529//1122 527//1122 525//1122
f 529//1123 536//1123 527//1123
f 12//1124 20//1124 573//1124
f 189//1125 305//1125 576//1125
f 258//1126 526//1126 524//1126
f 182//1127 573//1127 574//1127
f 540//1128 555//1128 554//1128
f 571//1129 353//1129 568//1129
f 257//1130 534//1130 258//1130
f 79//1131 106//1131 557//1131
f 530//1132 536//1132 529//1132
f 530//1133 545//1133 536//1133
f 262//1134 538//1134 260//1134
f 549//1135 540//1135 541//1135
f 549//1136 555//1136 540//1136
f 529//1137 525//1137 530//1137
f 526//1138 533//1138 532//1138
f 189//1139 353//1139 571//1139
f 525//1140 524//1140 530//1140
f 19//1141 362//1141 574//1141
f 422//1142 379//1142 385//1142
f 572//1143 565//1143 571//1143
f 571//1144 565//1144 574//1144
f 574//1145 565//1145 562//1145
f 565//1146 569//1146 562//1146
f 542//1147 551//1147 544//1147
f 551//1148 542//1148 547//1148
f 542//1149 544//1149 537//1149
f 544//1150 539//1150 537//1150
f 555//1151 568//1151 554//1151
f 554//1152 568//1152 560//1152
f 568//1153 555//1153 564//1153
f 536//1154 545//1154 541//1154
f 546//1155 541//1155 545//1155
f 541//1156 546//1156 556//1156
