shp 9 9 27
  p -12.3335 2.13103 2.33059 0
  p -11.0383 2.26799 2.33059 0
  p -10.1341 3.20552 2.33059 0
  p -10.044 4.50491 2.33059 0
  p -10.8103 5.55819 2.33059 0
  p -12.0743 5.87248 2.33059 0
  p -13.2446 5.30075 2.33059 0
  p -13.7737 4.11051 2.33059 0
  p -13.4138 2.85869 2.33059 0
  c 0 1 1.30251
  c 1 2 1.30251
  c 2 3 1.30251
  c 3 4 1.30251
  c 4 5 1.30251
  c 5 6 1.30251
  c 6 7 1.30251
  c 7 8 1.30251
  c 8 0 1.30251
  s 0 2 2.44792 222.967 1149.68
  s 0 3 3.29807 222.967 1149.68
  s 0 4 3.75043 222.967 1149.68
  s 0 5 3.75043 222.967 1149.68
  s 0 6 3.29807 222.967 1149.68
  s 0 7 2.44792 222.967 1149.68
  s 1 3 2.44792 222.967 1149.68
  s 1 4 3.29807 222.967 1149.68
  s 1 5 3.75043 222.967 1149.68
  s 1 6 3.75043 222.967 1149.68
  s 1 7 3.29807 222.967 1149.68
  s 1 8 2.44792 222.967 1149.68
  s 2 4 2.44792 222.967 1149.68
  s 2 5 3.29807 222.967 1149.68
  s 2 6 3.75043 222.967 1149.68
  s 2 7 3.75043 222.967 1149.68
  s 2 8 3.29807 222.967 1149.68
  s 3 5 2.44792 222.967 1149.68
  s 3 6 3.29807 222.967 1149.68
  s 3 7 3.75043 222.967 1149.68
  s 3 8 3.75043 222.967 1149.68
  s 4 6 2.44792 222.967 1149.68
  s 4 7 3.29807 222.967 1149.68
  s 4 8 3.75043 222.967 1149.68
  s 5 7 2.44792 222.967 1149.68
  s 5 8 3.29807 222.967 1149.68
  s 6 8 2.44792 222.967 1149.68
  a 1.90414 0
  a 1.45866 1.22396
  a 0.33065 1.87521
  a -0.952071 1.64903
  a -1.78931 0.651254
  a -1.78931 -0.651255
  a -0.95207 -1.64903
  a 0.330651 -1.87521
  a 1.45866 -1.22396
  o -11.8909 3.87626 -1.8145 1
  t 164 231 161
shp 7 7 14
  p 2.8121 4.5596 2.90366 0
  p 4.35813 5.197 2.90366 0
  p 4.82603 6.80252 2.90366 0
  p 3.86446 8.1707 2.90366 0
  p 2.1957 8.278 2.90366 0
  p 1.09471 7.01938 2.90366 0
  p 1.34719 5.36627 2.90366 0
  c 0 1 1.67232
  c 1 2 1.67232
  c 2 3 1.67232
  c 3 4 1.67232
  c 4 5 1.67232
  c 5 6 1.67232
  c 6 0 1.67232
  s 0 2 3.01342 277.793 1432.37
  s 0 3 3.75767 277.793 1432.37
  s 0 4 3.75767 277.793 1432.37
  s 0 5 3.01342 277.793 1432.37
  s 1 3 3.01342 277.793 1432.37
  s 1 4 3.75767 277.793 1432.37
  s 1 5 3.75767 277.793 1432.37
  s 1 6 3.01342 277.793 1432.37
  s 2 4 3.01342 277.793 1432.37
  s 2 5 3.75767 277.793 1432.37
  s 2 6 3.75767 277.793 1432.37
  s 3 5 3.01342 277.793 1432.37
  s 3 6 3.75767 277.793 1432.37
  s 4 6 3.01342 277.793 1432.37
  a 1.92715 1.19209e-07
  a 1.20156 1.50671
  a -0.428832 1.87883
  a -1.7363 0.83616
  a -1.7363 -0.83616
  a -0.428831 -1.87883
  a 1.20156 -1.50671
  o 2.93944 6.37807 -1.63019 1
  t 160 168 251
shp 6 6 9
  p 1.17475 7.35345 3.65364 0
  p -0.303612 8.77933 3.65364 0
  p -2.27181 8.19194 3.65364 0
  p -2.75463 6.19551 3.65364 0
  p -1.26952 4.77662 3.65364 0
  p 0.701392 5.35475 3.65364 0
  c 0 1 2.05399
  c 1 2 2.05399
  c 2 3 2.05399
  c 3 4 2.05399
  c 4 5 2.05399
  c 5 0 2.05399
  s 0 2 3.55761 349.544 1802.34
  s 0 3 4.10798 349.544 1802.34
  s 0 4 3.55761 349.544 1802.34
  s 1 3 3.55761 349.544 1802.34
  s 1 4 4.10798 349.544 1802.34
  s 1 5 3.55761 349.544 1802.34
  s 2 4 3.55761 349.544 1802.34
  s 2 5 4.10797 349.544 1802.34
  s 3 5 3.55761 349.544 1802.34
  a 2.05399 4.76837e-07
  a 1.02699 1.77881
  a -1.02699 1.77881
  a -2.05399 4.76837e-07
  a -1.02699 -1.7788
  a 1.02699 -1.7788
  o -0.735158 6.67504 0.282444 1
  t 182 220 222
shp 9 9 27
  p 8.57903 5.56518 1.66252 0
  p 9.16938 4.63691 1.66252 0
  p 10.2183 4.30527 1.66252 0
  p 11.235 4.72547 1.66252 0
  p 11.7437 5.70086 1.66252 0
  p 11.5065 6.77507 1.66252 0
  p 10.6342 7.44546 1.66252 0
  p 9.53514 7.39833 1.66252 0
  p 8.72348 6.65575 1.66252 0
  c 0 1 1.1001
  c 1 2 1.1001
  c 2 3 1.1001
  c 3 4 1.1001
  c 4 5 1.1001
  c 5 6 1.1001
  c 6 7 1.1001
  c 7 8 1.1001
  c 8 0 1.1001
  s 0 2 2.06751 159.053 820.119
  s 0 3 2.78554 159.053 820.119
  s 0 4 3.1676 159.053 820.119
  s 0 5 3.1676 159.053 820.119
  s 0 6 2.78554 159.053 820.119
  s 0 7 2.06751 159.053 820.119
  s 1 3 2.06751 159.053 820.119
  s 1 4 2.78554 159.053 820.119
  s 1 5 3.1676 159.053 820.119
  s 1 6 3.1676 159.053 820.119
  s 1 7 2.78554 159.053 820.119
  s 1 8 2.06751 159.053 820.119
  s 2 4 2.06751 159.053 820.119
  s 2 5 2.78554 159.053 820.119
  s 2 6 3.1676 159.053 820.119
  s 2 7 3.1676 159.053 820.119
  s 2 8 2.78554 159.053 820.119
  s 3 5 2.06751 159.053 820.119
  s 3 6 2.78554 159.053 820.119
  s 3 7 3.1676 159.053 820.119
  s 3 8 3.1676 159.053 820.119
  s 4 6 2.06751 159.053 820.119
  s 4 7 2.78554 159.053 820.119
  s 4 8 3.1676 159.053 820.119
  s 5 7 2.06751 159.053 820.119
  s 5 8 2.78554 159.053 820.119
  s 6 8 2.06751 159.053 820.119
  a 1.60823 2.38419e-07
  a 1.23198 1.03375
  a 0.279267 1.5838
  a -0.804117 1.39277
  a -1.51125 0.550048
  a -1.51125 -0.550049
  a -0.804117 -1.39277
  a 0.279268 -1.5838
  a 1.23198 -1.03375
  o 10.1473 5.80954 -2.92421 1
  t 189 224 173
shp 7 7 14
  p 8.37674 5.56783 2.65081 0
  p 8.42913 7.16482 2.65081 0
  p 7.21303 8.20127 2.65081 0
  p 5.64449 7.89662 2.65081 0
  p 4.9044 6.4805 2.65081 0
  p 5.55021 5.01897 2.65081 0
  p 7.0956 4.61293 2.65081 0
  c 0 1 1.59785
  c 1 2 1.59785
  c 2 3 1.59785
  c 3 4 1.59785
  c 4 5 1.59785
  c 5 6 1.59785
  c 6 0 1.59785
  s 0 2 2.87923 253.603 1307.64
  s 0 3 3.59034 253.603 1307.64
  s 0 4 3.59034 253.603 1307.64
  s 0 5 2.87923 253.603 1307.64
  s 1 3 2.87923 253.603 1307.64
  s 1 4 3.59034 253.603 1307.64
  s 1 5 3.59034 253.603 1307.64
  s 1 6 2.87923 253.603 1307.64
  s 2 4 2.87923 253.603 1307.64
  s 2 5 3.59034 253.603 1307.64
  s 2 6 3.59034 253.603 1307.64
  s 3 5 2.87923 253.603 1307.64
  s 3 6 3.59034 253.603 1307.64
  s 4 6 2.87923 253.603 1307.64
  a 1.84133 1.19209e-07
  a 1.14805 1.43961
  a -0.409735 1.79517
  a -1.65898 0.798925
  a -1.65898 -0.798925
  a -0.409734 -1.79517
  a 1.14805 -1.43961
  o 6.69837 6.31627 -0.482789 1
  t 234 179 179
shp 7 7 14
  p -6.33917 6.35477 3.11617 0
  p -7.7046 7.42104 3.11617 0
  p -9.38958 7.01831 3.11617 0
  p -10.1253 5.44987 3.11617 0
  p -9.35777 3.89674 3.11617 0
  p -7.66492 3.52852 3.11617 0
  p -6.32152 4.62242 3.11617 0
  c 0 1 1.73244
  c 1 2 1.73244
  c 2 3 1.73244
  c 3 4 1.73244
  c 4 5 1.73244
  c 5 6 1.73244
  c 6 0 1.73244
  s 0 2 3.12174 298.124 1537.21
  s 0 3 3.89275 298.124 1537.21
  s 0 4 3.89275 298.124 1537.21
  s 0 5 3.12174 298.124 1537.21
  s 1 3 3.12174 298.124 1537.21
  s 1 4 3.89275 298.124 1537.21
  s 1 5 3.89275 298.124 1537.21
  s 1 6 3.12174 298.124 1537.21
  s 2 4 3.12174 298.124 1537.21
  s 2 5 3.89275 298.124 1537.21
  s 2 6 3.89275 298.124 1537.21
  s 3 5 3.12174 298.124 1537.21
  s 3 6 3.89275 298.124 1537.21
  s 4 6 3.12174 298.124 1537.21
  a 1.99643 2.38419e-07
  a 1.24475 1.56087
  a -0.444248 1.94638
  a -1.79872 0.866218
  a -1.79872 -0.866219
  a -0.444247 -1.94637
  a 1.24475 -1.56087
  o -8.17093 5.36813 0.459013 1
  t 207 152 216
shp 8 8 20
  p -5.51812 7.84621 1.9329 0
  p -6.13214 6.73976 1.9329 0
  p -5.784 5.52318 1.9329 0
  p -4.67759 4.90909 1.9329 0
  p -3.46101 5.25725 1.9329 0
  p -2.84698 6.3637 1.9329 0
  p -3.19514 7.58028 1.9329 0
  p -4.30155 8.19438 1.9329 0
  c 0 1 1.26541
  c 1 2 1.26541
  c 2 3 1.26541
  c 3 4 1.26541
  c 4 5 1.26541
  c 5 6 1.26541
  c 6 7 1.26541
  c 7 0 1.26541
  s 0 2 2.33818 184.921 953.5
  s 0 3 3.05497 184.921 953.5
  s 0 4 3.30668 184.921 953.5
  s 0 5 3.05497 184.921 953.5
  s 0 6 2.33818 184.921 953.5
  s 1 3 2.33818 184.921 953.5
  s 1 4 3.05497 184.921 953.5
  s 1 5 3.30668 184.921 953.5
  s 1 6 3.05497 184.921 953.5
  s 1 7 2.33818 184.921 953.5
  s 2 4 2.33818 184.921 953.5
  s 2 5 3.05497 184.921 953.5
  s 2 6 3.30668 184.921 953.5
  s 2 7 3.05497 184.921 953.5
  s 3 5 2.33818 184.921 953.5
  s 3 6 3.05497 184.921 953.5
  s 3 7 3.30668 184.921 953.5
  s 4 6 2.33818 184.921 953.5
  s 4 7 3.05497 184.921 953.5
  s 5 7 2.33818 184.921 953.5
  a 1.65334 1.49012e-08
  a 1.16909 1.16909
  a -2.38419e-07 1.65334
  a -1.16909 1.16909
  a -1.65334 -1.3411e-07
  a -1.16909 -1.16909
  a -2.38419e-07 -1.65334
  a 1.16909 -1.16909
  o -4.53592 6.45118 2.24188 1
  t 134 188 206
shp 9 9 27
  p 13.0794 2.3856 1.42274 0
  p 13.8065 3.09767 1.42274 0
  p 13.9058 4.11049 1.42274 0
  p 13.3308 4.95016 1.42274 0
  p 12.3506 5.22381 1.42274 0
  p 11.4238 4.80336 1.42274 0
  p 10.9841 3.88558 1.42274 0
  p 11.2373 2.89989 1.42274 0
  p 12.0648 2.30749 1.42274 0
  c 0 1 1.01768
  c 1 2 1.01768
  c 2 3 1.01768
  c 3 4 1.01768
  c 4 5 1.01768
  c 5 6 1.01768
  c 6 7 1.01768
  c 7 8 1.01768
  c 8 0 1.01768
  s 0 2 1.91261 136.114 701.838
  s 0 3 2.57685 136.114 701.838
  s 0 4 2.93029 136.114 701.838
  s 0 5 2.93029 136.114 701.838
  s 0 6 2.57685 136.114 701.838
  s 0 7 1.91261 136.114 701.838
  s 1 3 1.91261 136.114 701.838
  s 1 4 2.57685 136.114 701.838
  s 1 5 2.93029 136.114 701.838
  s 1 6 2.93029 136.114 701.838
  s 1 7 2.57685 136.114 701.838
  s 1 8 1.91261 136.114 701.838
  s 2 4 1.91261 136.114 701.838
  s 2 5 2.57685 136.114 701.838
  s 2 6 2.93029 136.114 701.838
  s 2 7 2.93029 136.114 701.838
  s 2 8 2.57685 136.114 701.838
  s 3 5 1.91261 136.114 701.838
  s 3 6 2.57685 136.114 701.838
  s 3 7 2.93029 136.114 701.838
  s 3 8 2.93029 136.114 701.838
  s 4 6 1.91261 136.114 701.838
  s 4 7 2.57685 136.114 701.838
  s 4 8 2.93029 136.114 701.838
  s 5 7 1.91261 136.114 701.838
  s 5 8 2.57685 136.114 701.838
  s 6 8 1.91261 136.114 701.838
  a 1.48775 5.96046e-08
  a 1.13968 0.956305
  a 0.258345 1.46514
  a -0.743874 1.28843
  a -1.39802 0.508839
  a -1.39802 -0.50884
  a -0.743873 -1.28843
  a 0.258345 -1.46514
  a 1.13968 -0.956305
  o 12.4648 3.63805 -1.1449 1
  t 143 137 198
shp 4 4 2
  p 5.63476 1.53488 11.097 0
  p 2.35053 -2.45215 11.097 0
  p 5.66694 -5.18378 11.097 0
  p 8.95117 -1.19675 11.097 0
  c 0 1 5.16552
  c 1 2 4.29655
  c 2 3 5.16552
  c 3 0 4.29655
  s 0 2 6.71885 1061.65 5474.13
  s 1 3 6.71885 1061.65 5474.13
  a -2.58276 -2.14828
  a 2.58276 -2.14828
  a 2.58276 2.14828
  a -2.58276 2.14828
  o 5.65137 -1.8536 -2.26011 0
  t 255 255 255
shp 4 4 2
  p -7.23816 -2.11368 6.08223 0
  p -6.08844 -6.33633 6.08223 0
  p -3.40754 -5.60226 6.08223 0
  p -4.55726 -1.37961 6.08223 0
  c 0 1 4.37636
  c 1 2 2.77958
  c 2 3 4.37636
  c 3 0 2.77958
  s 0 2 5.18446 581.887 3000.36
  s 1 3 5.18446 581.887 3000.36
  a -2.18818 -1.38979
  a 2.18818 -1.38979
  a 2.18818 1.38979
  a -2.18818 1.38979
  o -5.32305 -3.8711 -1.30575 0
  t 255 255 255
