shp 7 7 14
  p -8.68291 8.15821 5.52593 0
  p -10.0667 10 5.52593 0
  p -12.3717 10 5.52593 0
  p -14 8.37161 5.52593 0
  p -13.4849 6.1238 5.52593 0
  p -11.4886 4.96922 5.52593 0
  p -9.41059 5.969 5.52593 0
  c 0 1 2.30701
  c 1 2 2.30701
  c 2 3 2.30701
  c 3 4 2.30701
  c 4 5 2.30701
  c 5 6 2.30701
  c 6 0 2.30701
  s 0 2 4.15709 528.666 2725.94
  s 0 3 5.18381 528.666 2725.94
  s 0 4 5.18381 528.666 2725.94
  s 0 5 4.15709 528.666 2725.94
  s 1 3 4.15709 528.666 2725.94
  s 1 4 5.18381 528.666 2725.94
  s 1 5 5.18381 528.666 2725.94
  s 1 6 4.15709 528.666 2725.94
  s 2 4 4.15709 528.666 2725.94
  s 2 5 5.18381 528.666 2725.94
  s 2 6 5.18381 528.666 2725.94
  s 3 5 4.15709 528.666 2725.94
  s 3 6 5.18381 528.666 2725.94
  s 4 6 4.15709 528.666 2725.94
  a 2.65856 4.76837e-07
  a 1.65758 2.07855
  a -0.591585 2.5919
  a -2.39528 1.15351
  a -2.39528 -1.15351
  a -0.591584 -2.5919
  a 1.65759 -2.07854
  o -11.3585 7.65574 0.180274 0
  t 192 178 232
shp 3 3 0
  p -11.1258 4.7624 3.1812 0
  p -14 6.42481 3.1812 0
  p -14 3.10449 3.1812 0
  c 0 1 3.31964
  c 1 2 3.31964
  c 2 0 3.31964
  a 1.91659 2.38419e-07
  a -0.958297 1.65982
  a -0.958297 -1.65982
  o -13.0428 4.76267 -0.000601475 0
  t 168 174 191
shp 8 8 20
  p -6.52743 -0.15292 1.13671 0
  p -5.56508 -0.0204717 1.13671 0
  p -4.92535 0.709306 1.13671 0
  p -5.37609 1.56711 1.13671 0
  p -5.9042 2.38022 1.13671 0
  p -6.76247 1.92987 1.13671 0
  p -7.53113 1.33785 1.13671 0
  p -7.33438 0.386828 1.13671 0
  c 0 1 0.970402
  c 1 2 0.970402
  c 2 3 0.970402
  c 3 4 0.970402
  c 4 5 0.970402
  c 5 6 0.970402
  c 6 7 0.970402
  c 7 0 0.970402
  s 0 2 1.79307 108.749 560.738
  s 0 3 2.34276 108.749 560.738
  s 0 4 2.53578 108.749 560.738
  s 0 5 2.34276 108.749 560.738
  s 0 6 1.79307 108.749 560.738
  s 1 3 1.79307 108.749 560.738
  s 1 4 2.34276 108.749 560.738
  s 1 5 2.53578 108.749 560.738
  s 1 6 2.34276 108.749 560.738
  s 1 7 1.79307 108.749 560.738
  s 2 4 1.79307 108.749 560.738
  s 2 5 2.34276 108.749 560.738
  s 2 6 2.53578 108.749 560.738
  s 2 7 2.34276 108.749 560.738
  s 3 5 1.79307 108.749 560.738
  s 3 6 2.34276 108.749 560.738
  s 3 7 2.53578 108.749 560.738
  s 4 6 1.79307 108.749 560.738
  s 4 7 2.34276 108.749 560.738
  s 5 7 1.79307 108.749 560.738
  a 1.26789 -4.76837e-07
  a 0.896534 0.896534
  a -4.76837e-07 1.26789
  a -0.896535 0.896534
  a -1.26789 -4.76837e-07
  a -0.896535 -0.896535
  a -4.76837e-07 -1.26789
  a 0.896534 -0.896535
  o -6.2395 1.02058 -1.80947 0
  t 142 190 208
shp 11 11 44
  p -1.27765 10 4.55662 0
  p -2.90863 10 4.55662 0
  p -4.05133 8.8332 4.55662 0
  p -4.03757 7.19966 4.55662 0
  p -3.57873 5.6306 4.55662 0
  p -2.18009 4.78509 4.55662 0
  p -0.549317 4.66975 4.55662 0
  p 0.821552 5.55909 4.55662 0
  p 1.43288 7.07508 4.55662 0
  p 1.35775 8.70809 4.55662 0
  p 0.356784 10 4.55662 0
  c 0 1 1.63581
  c 1 2 1.63582
  c 2 3 1.63582
  c 3 4 1.63582
  c 4 5 1.63582
  c 5 6 1.63581
  c 6 7 1.63581
  c 7 8 1.63582
  c 8 9 1.63581
  c 9 10 1.63582
  c 10 0 1.63581
  s 0 2 3.13911 435.932 2247.78
  s 0 3 4.38809 435.932 2247.78
  s 0 4 5.28157 435.932 2247.78
  s 0 5 5.74717 435.932 2247.78
  s 0 6 5.74717 435.932 2247.78
  s 0 7 5.28157 435.932 2247.78
  s 0 8 4.38808 435.932 2247.78
  s 0 9 3.13911 435.932 2247.78
  s 1 3 3.13911 435.932 2247.78
  s 1 4 4.38808 435.932 2247.78
  s 1 5 5.28157 435.932 2247.78
  s 1 6 5.74717 435.932 2247.78
  s 1 7 5.74717 435.932 2247.78
  s 1 8 5.28157 435.932 2247.78
  s 1 9 4.38808 435.932 2247.78
  s 1 10 3.1391 435.932 2247.78
  s 2 4 3.13911 435.932 2247.78
  s 2 5 4.38808 435.932 2247.78
  s 2 6 5.28157 435.932 2247.78
  s 2 7 5.74717 435.932 2247.78
  s 2 8 5.74717 435.932 2247.78
  s 2 9 5.28157 435.932 2247.78
  s 2 10 4.38808 435.932 2247.78
  s 3 5 3.13911 435.932 2247.78
  s 3 6 4.38809 435.932 2247.78
  s 3 7 5.28157 435.932 2247.78
  s 3 8 5.74717 435.932 2247.78
  s 3 9 5.74717 435.932 2247.78
  s 3 10 5.28157 435.932 2247.78
  s 4 6 3.13911 435.932 2247.78
  s 4 7 4.38808 435.932 2247.78
  s 4 8 5.28157 435.932 2247.78
  s 4 9 5.74717 435.932 2247.78
  s 4 10 5.74717 435.932 2247.78
  s 5 7 3.13911 435.932 2247.78
  s 5 8 4.38808 435.932 2247.78
  s 5 9 5.28157 435.932 2247.78
  s 5 10 5.74717 435.932 2247.78
  s 6 8 3.13911 435.932 2247.78
  s 6 9 4.38808 435.932 2247.78
  s 6 10 5.28157 435.932 2247.78
  s 7 9 3.13911 435.932 2247.78
  s 7 10 4.38809 435.932 2247.78
  s 8 10 3.13911 435.932 2247.78
  a 2.90313 0
  a 2.44227 1.56955
  a 1.20601 2.64078
  a -0.413159 2.87358
  a -1.90115 2.19404
  a -2.78554 0.817907
  a -2.78554 -0.817908
  a -1.90115 -2.19404
  a -0.413158 -2.87358
  a 1.20601 -2.64078
  a 2.44227 -1.56955
  o -1.32653 7.49644 1.55232 0
  t 183 238 231
shp 11 11 44
  p 6.39864 9.28733 4.49666 0
  p 4.94398 10 4.49666 0
  p 3.32105 10 4.49666 0
  p 1.84524 9.32759 4.49666 0
  p 1.39613 7.76775 4.49666 0
  p 1.46402 6.14521 4.49666 0
  p 2.54003 4.92884 4.49666 0
  p 4.07311 4.39323 4.49666 0
  p 5.58549 4.98437 4.49666 0
  p 6.7617 6.10395 4.49666 0
  p 6.84418 7.72475 4.49666 0
  c 0 1 1.62502
  c 1 2 1.62502
  c 2 3 1.62502
  c 3 4 1.62502
  c 4 5 1.62502
  c 5 6 1.62502
  c 6 7 1.62501
  c 7 8 1.62502
  c 8 9 1.62502
  c 9 10 1.62502
  c 10 0 1.62501
  s 0 2 3.11838 430.195 2218.2
  s 0 3 4.35912 430.195 2218.2
  s 0 4 5.2467 430.195 2218.2
  s 0 5 5.70923 430.195 2218.2
  s 0 6 5.70923 430.195 2218.2
  s 0 7 5.2467 430.195 2218.2
  s 0 8 4.35912 430.195 2218.2
  s 0 9 3.11838 430.195 2218.2
  s 1 3 3.11838 430.195 2218.2
  s 1 4 4.35912 430.195 2218.2
  s 1 5 5.2467 430.195 2218.2
  s 1 6 5.70923 430.195 2218.2
  s 1 7 5.70923 430.195 2218.2
  s 1 8 5.2467 430.195 2218.2
  s 1 9 4.35912 430.195 2218.2
  s 1 10 3.11838 430.195 2218.2
  s 2 4 3.11838 430.195 2218.2
  s 2 5 4.35912 430.195 2218.2
  s 2 6 5.2467 430.195 2218.2
  s 2 7 5.70923 430.195 2218.2
  s 2 8 5.70923 430.195 2218.2
  s 2 9 5.2467 430.195 2218.2
  s 2 10 4.35912 430.195 2218.2
  s 3 5 3.11838 430.195 2218.2
  s 3 6 4.35912 430.195 2218.2
  s 3 7 5.2467 430.195 2218.2
  s 3 8 5.70923 430.195 2218.2
  s 3 9 5.70923 430.195 2218.2
  s 3 10 5.2467 430.195 2218.2
  s 4 6 3.11838 430.195 2218.2
  s 4 7 4.35912 430.195 2218.2
  s 4 8 5.2467 430.195 2218.2
  s 4 9 5.70923 430.195 2218.2
  s 4 10 5.70923 430.195 2218.2
  s 5 7 3.11838 430.195 2218.2
  s 5 8 4.35912 430.195 2218.2
  s 5 9 5.2467 430.195 2218.2
  s 5 10 5.70923 430.195 2218.2
  s 6 8 3.11838 430.195 2218.2
  s 6 9 4.35912 430.195 2218.2
  s 6 10 5.2467 430.195 2218.2
  s 7 9 3.11838 430.195 2218.2
  s 7 10 4.35912 430.195 2218.2
  s 8 10 3.11838 430.195 2218.2
  a 2.88397 -4.76837e-07
  a 2.42615 1.55919
  a 1.19804 2.62335
  a -0.410432 2.85461
  a -1.8886 2.17956
  a -2.76715 0.812507
  a -2.76715 -0.812509
  a -1.8886 -2.17956
  a -0.410431 -2.85461
  a 1.19804 -2.62335
  a 2.42615 -1.55919
  o 4.10942 7.33341 0.705608 0
  t 130 161 197
shp 8 8 20
  p 8.63326 10 5.23624 0
  p 6.88848 8.87116 5.23624 0
  p 6.7966 6.79163 5.23624 0
  p 8.00412 5.0962 5.23624 0
  p 10.0836 5.1652 5.23624 0
  p 11.9006 6.1805 5.23624 0
  p 11.859 8.26115 5.23624 0
  p 10.716 10 5.23624 0
  c 0 1 2.08275
  c 1 2 2.08275
  c 2 3 2.08275
  c 3 4 2.08275
  c 4 5 2.08275
  c 5 6 2.08275
  c 6 7 2.08275
  c 7 0 2.08275
  s 0 2 3.84842 500.952 2583.04
  s 0 3 5.0282 500.952 2583.04
  s 0 4 5.44249 500.952 2583.04
  s 0 5 5.0282 500.952 2583.04
  s 0 6 3.84842 500.952 2583.04
  s 1 3 3.84842 500.952 2583.04
  s 1 4 5.0282 500.952 2583.04
  s 1 5 5.44249 500.952 2583.04
  s 1 6 5.0282 500.952 2583.04
  s 1 7 3.84842 500.952 2583.04
  s 2 4 3.84842 500.952 2583.04
  s 2 5 5.0282 500.952 2583.04
  s 2 6 5.44249 500.952 2583.04
  s 2 7 5.0282 500.952 2583.04
  s 3 5 3.84842 500.952 2583.04
  s 3 6 5.0282 500.952 2583.04
  s 3 7 5.44249 500.952 2583.04
  s 4 6 3.84842 500.952 2583.04
  s 4 7 5.0282 500.952 2583.04
  s 5 7 3.84842 500.952 2583.04
  a 2.72124 -2.38419e-07
  a 1.92421 1.92421
  a 0 2.72124
  a -1.92421 1.92421
  a -2.72124 -4.76837e-07
  a -1.92421 -1.92421
  a 0 -2.72124
  a 1.92421 -1.92421
  o 9.36184 7.54574 1.85714 0
  t 246 243 203
shp 3 3 0
  p 14 10 2.92868 0
  p 10.8229 9.83742 2.92868 0
  p 12.5605 7.16545 2.92868 0
  c 0 1 3.18516
  c 1 2 3.18516
  c 2 0 3.18516
  a 1.83895 9.53674e-07
  a -0.919477 1.59258
  a -0.919477 -1.59258
  o 12.4617 9.00385 0.575225 0
  t 200 163 176
shp 10 10 35
  p 11.3783 -0.60273 1.09832 0
  p 11.3955 -1.44644 1.09832 0
  p 11.8848 -2.13504 1.09832 0
  p 12.6827 -2.41232 1.09832 0
  p 13.4936 -2.17611 1.09832 0
  p 14 -1.50058 1.09832 0
  p 14 -0.656437 1.09832 0
  p 13.5878 0.0795318 1.09832 0
  p 12.7646 0.26554 1.09832 0
  p 11.9606 0.00920832 1.09832 0
  c 0 1 0.844824
  c 1 2 0.844824
  c 2 3 0.844825
  c 3 4 0.844824
  c 4 5 0.844824
  c 5 6 0.844825
  c 6 7 0.844824
  c 7 8 0.844824
  c 8 9 0.844824
  c 9 0 0.844825
  s 0 2 1.60695 105.076 541.799
  s 0 3 2.21178 105.076 541.799
  s 0 4 2.6001 105.076 541.799
  s 0 5 2.73391 105.076 541.799
  s 0 6 2.6001 105.076 541.799
  s 0 7 2.21178 105.076 541.799
  s 0 8 1.60695 105.076 541.799
  s 1 3 1.60695 105.076 541.799
  s 1 4 2.21178 105.076 541.799
  s 1 5 2.6001 105.076 541.799
  s 1 6 2.73391 105.076 541.799
  s 1 7 2.6001 105.076 541.799
  s 1 8 2.21178 105.076 541.799
  s 1 9 1.60695 105.076 541.799
  s 2 4 1.60695 105.076 541.799
  s 2 5 2.21178 105.076 541.799
  s 2 6 2.6001 105.076 541.799
  s 2 7 2.73391 105.076 541.799
  s 2 8 2.6001 105.076 541.799
  s 2 9 2.21178 105.076 541.799
  s 3 5 1.60695 105.076 541.799
  s 3 6 2.21178 105.076 541.799
  s 3 7 2.6001 105.076 541.799
  s 3 8 2.73391 105.076 541.799
  s 3 9 2.6001 105.076 541.799
  s 4 6 1.60695 105.076 541.799
  s 4 7 2.21178 105.076 541.799
  s 4 8 2.6001 105.076 541.799
  s 4 9 2.73391 105.076 541.799
  s 5 7 1.60695 105.076 541.799
  s 5 8 2.21178 105.076 541.799
  s 5 9 2.6001 105.076 541.799
  s 6 8 1.60695 105.076 541.799
  s 6 9 2.21178 105.076 541.799
  s 7 9 1.60695 105.076 541.799
  a 1.36696 0
  a 1.10589 0.803476
  a 0.422413 1.30005
  a -0.422412 1.30005
  a -1.10589 0.803476
  a -1.36695 -1.19209e-07
  a -1.10589 -0.803476
  a -0.422411 -1.30005
  a 0.422413 -1.30005
  a 1.10589 -0.803476
  o 12.7148 -1.05798 2.80503 0
  t 143 213 s173
shp 8 8 20
  p 3.38682 3.98494 4.04813 0
  p 2.16811 5.34899 4.04813 0
  p 0.340395 5.25484 4.04813 0
  p -1.13805 4.17506 4.04813 0
  p -1.11489 2.34439 4.04813 0
  p 0.0801818 0.957063 4.04813 0
  p 1.90927 0.874317 4.04813 0
  p 3.2099 2.16219 4.04813 0
  c 0 1 1.83128
  c 1 2 1.83128
  c 2 3 1.83128
  c 3 4 1.83128
  c 4 5 1.83128
  c 5 6 1.83128
  c 6 7 1.83128
  c 7 0 1.83128
  s 0 2 3.38376 387.285 1996.94
  s 0 3 4.4211 387.285 1996.94
  s 0 4 4.78536 387.285 1996.94
  s 0 5 4.4211 387.285 1996.94
  s 0 6 3.38376 387.285 1996.94
  s 1 3 3.38376 387.285 1996.94
  s 1 4 4.4211 387.285 1996.94
  s 1 5 4.78536 387.285 1996.94
  s 1 6 4.4211 387.285 1996.94
  s 1 7 3.38376 387.285 1996.94
  s 2 4 3.38376 387.285 1996.94
  s 2 5 4.4211 387.285 1996.94
  s 2 6 4.78536 387.285 1996.94
  s 2 7 4.4211 387.285 1996.94
  s 3 5 3.38376 387.285 1996.94
  s 3 6 4.4211 387.285 1996.94
  s 3 7 4.78536 387.285 1996.94
  s 4 6 3.38376 387.285 1996.94
  s 4 7 4.4211 387.285 1996.94
  s 5 7 3.38376 387.285 1996.94
  a 2.39268 0
  a 1.69188 1.69188
  a -2.38419e-07 2.39268
  a -1.69188 1.69188
  a -2.39268 -2.38419e-07
  a -1.69188 -1.69188
  a -2.38419e-07 -2.39268
  a 1.69188 -1.69188
  o 1.1086 3.137 0.345528 0
  t 167 245 209
shp 5 5 5
  p -4.97814 10 6.50282 0
  p -8.05099 10 6.50282 0
  p -9.04023 7.09221 6.50282 0
  p -6.51973 5.33503 6.50282 0
  p -3.99602 7.0892 6.50282 0
  c 0 1 3.07395
  c 1 2 3.07395
  c 2 3 3.07395
  c 3 4 3.07395
  c 4 0 3.07395
  s 0 2 4.97375 622.125 3207.84
  s 0 3 4.97375 622.125 3207.84
  s 1 3 4.97375 622.125 3207.84
  s 1 4 4.97375 622.125 3207.84
  s 2 4 4.97375 622.125 3207.84
  a 2.61486 2.38419e-07
  a 0.808035 2.48688
  a -2.11546 1.53697
  a -2.11546 -1.53697
  a 0.808035 -2.48688
  o -6.51795 7.90428 0.942356 0
  t 206 125 208
shp 10 10 35
  p -5.69448 3.84318 3.68582 0
  p -6.36115 5.23583 3.68582 0
  p -7.63102 6.11595 3.68582 0
  p -9.17673 6.15456 3.68582 0
  p -10.3999 5.20874 3.68582 0
  p -10.7783 3.70937 3.68582 0
  p -10.0478 2.34767 3.68582 0
  p -8.9411 1.26764 3.68582 0
  p -7.40516 1.44949 3.68582 0
  p -6.16062 2.36724 3.68582 0
  c 0 1 1.54764
  c 1 2 1.54764
  c 2 3 1.54764
  c 3 4 1.54764
  c 4 5 1.54764
  c 5 6 1.54764
  c 6 7 1.54764
  c 7 8 1.54764
  c 8 9 1.54764
  c 9 0 1.54764
  s 0 2 2.94379 352.623 1818.22
  s 0 3 4.05178 352.623 1818.22
  s 0 4 4.76315 352.623 1818.22
  s 0 5 5.00827 352.623 1818.22
  s 0 6 4.76315 352.623 1818.22
  s 0 7 4.05178 352.623 1818.22
  s 0 8 2.94379 352.623 1818.22
  s 1 3 2.94379 352.623 1818.22
  s 1 4 4.05177 352.623 1818.22
  s 1 5 4.76315 352.623 1818.22
  s 1 6 5.00827 352.623 1818.22
  s 1 7 4.76315 352.623 1818.22
  s 1 8 4.05177 352.623 1818.22
  s 1 9 2.94379 352.623 1818.22
  s 2 4 2.94379 352.623 1818.22
  s 2 5 4.05178 352.623 1818.22
  s 2 6 4.76315 352.623 1818.22
  s 2 7 5.00827 352.623 1818.22
  s 2 8 4.76315 352.623 1818.22
  s 2 9 4.05178 352.623 1818.22
  s 3 5 2.94379 352.623 1818.22
  s 3 6 4.05178 352.623 1818.22
  s 3 7 4.76315 352.623 1818.22
  s 3 8 5.00827 352.623 1818.22
  s 3 9 4.76315 352.623 1818.22
  s 4 6 2.94379 352.623 1818.22
  s 4 7 4.05177 352.623 1818.22
  s 4 8 4.76315 352.623 1818.22
  s 4 9 5.00827 352.623 1818.22
  s 5 7 2.94379 352.623 1818.22
  s 5 8 4.05178 352.623 1818.22
  s 5 9 4.76315 352.623 1818.22
  s 6 8 2.94379 352.623 1818.22
  s 6 9 4.05177 352.623 1818.22
  s 7 9 2.94379 352.623 1818.22
  a 2.50414 4.76837e-07
  a 2.02589 1.47189
  a 0.773821 2.38157
  a -0.77382 2.38157
  a -2.02589 1.47189
  a -2.50413 4.76837e-07
  a -2.02589 -1.47189
  a -0.77382 -2.38157
  a 0.773822 -2.38157
  a 2.02589 -1.47189
  o -8.25908 3.77083 0.0387649 0
  t 186 247 191
shp 7 7 14
  p -3.25021 5.43558 5.24887 0
  p -5.41274 4.8237 5.24887 0
  p -6.03846 2.66454 5.24887 0
  p -4.88413 0.735431 5.24887 0
  p -2.65584 0.438211 5.24887 0
  p -1.07977 2.04102 5.24887 0
  p -1.32403 4.27568 5.24887 0
  c 0 1 2.24843
  c 1 2 2.24843
  c 2 3 2.24843
  c 3 4 2.24843
  c 4 5 2.24843
  c 5 6 2.24843
  c 6 0 2.24843
  s 0 2 4.05153 502.159 2589.27
  s 0 3 5.05218 502.159 2589.27
  s 0 4 5.05218 502.159 2589.27
  s 0 5 4.05153 502.159 2589.27
  s 1 3 4.05153 502.159 2589.27
  s 1 4 5.05218 502.159 2589.27
  s 1 5 5.05218 502.159 2589.27
  s 1 6 4.05153 502.159 2589.27
  s 2 4 4.05153 502.159 2589.27
  s 2 5 5.05218 502.159 2589.27
  s 2 6 5.05218 502.159 2589.27
  s 3 5 4.05153 502.159 2589.27
  s 3 6 5.05218 502.159 2589.27
  s 4 6 4.05153 502.159 2589.27
  a 2.59105 0
  a 1.61549 2.02577
  a -0.576564 2.52609
  a -2.33446 1.12422
  a -2.33446 -1.12422
  a -0.576562 -2.52609
  a 1.6155 -2.02577
  o -3.51985 2.91454 1.45431 0
  t 222 147 157
shp 8 8 20
  p 9.06995 -0.103127 1.37973 0
  p 9.09171 0.964868 1.37973 0
  p 8.45801 1.82506 1.37973 0
  p 7.40758 2.02079 1.37973 0
  p 6.6494 1.26785 1.37973 0
  p 6.50341 0.209148 1.37973 0
  p 7.15062 -0.64156 1.37973 0
  p 8.21451 -0.744443 1.37973 0
  c 0 1 1.06911
  c 1 2 1.06911
  c 2 3 1.06911
  c 3 4 1.06911
  c 4 5 1.06911
  c 5 6 1.06911
  c 6 7 1.06911
  c 7 0 1.06911
  s 0 2 1.97546 131.998 680.619
  s 0 3 2.58107 131.998 680.619
  s 0 4 2.79373 131.998 680.619
  s 0 5 2.58107 131.998 680.619
  s 0 6 1.97546 131.998 680.619
  s 1 3 1.97546 131.998 680.619
  s 1 4 2.58107 131.998 680.619
  s 1 5 2.79373 131.998 680.619
  s 1 6 2.58107 131.998 680.619
  s 1 7 1.97546 131.998 680.619
  s 2 4 1.97546 131.998 680.619
  s 2 5 2.58107 131.998 680.619
  s 2 6 2.79373 131.998 680.619
  s 2 7 2.58107 131.998 680.619
  s 3 5 1.97546 131.998 680.619
  s 3 6 2.58107 131.998 680.619
  s 3 7 2.79373 131.998 680.619
  s 4 6 1.97546 131.998 680.619
  s 4 7 2.58107 131.998 680.619
  s 5 7 1.97546 131.998 680.619
  a 1.39686 0
  a 0.987731 0.987731
  a 0 1.39686
  a -0.987731 0.987731
  a -1.39686 0
  a -0.987731 -0.987731
  a 0 -1.39686
  a 0.987732 -0.987731
  o 7.82029 0.596518 -0.501797 0
  t 157 200 232
shp 7 7 14
  p 4.76958 4.2258 2.92411 0
  p 5.24957 2.61917 2.92411 0
  p 6.75154 1.8719 2.92411 0
  p 8.2681 2.5895 2.92411 0
  p 8.6236 4.22861 2.92411 0
  p 7.65307 5.59571 2.92411 0
  p 5.99105 5.37629 2.92411 0
  c 0 1 1.6782
  c 1 2 1.6782
  c 2 3 1.6782
  c 3 4 1.6782
  c 4 5 1.6782
  c 5 6 1.6782
  c 6 0 1.6782
  s 0 2 3.02401 279.749 1442.46
  s 0 3 3.77088 279.749 1442.46
  s 0 4 3.77088 279.749 1442.46
  s 0 5 3.02401 279.749 1442.46
  s 1 3 3.02401 279.749 1442.46
  s 1 4 3.77088 279.749 1442.46
  s 1 5 3.77088 279.749 1442.46
  s 1 6 3.02401 279.749 1442.46
  s 2 4 3.02401 279.749 1442.46
  s 2 5 3.77088 279.749 1442.46
  s 2 6 3.77088 279.749 1442.46
  s 3 5 3.02401 279.749 1442.46
  s 3 6 3.77088 279.749 1442.46
  s 4 6 3.02401 279.749 1442.46
  a 1.93393 5.96046e-08
  a 1.20578 1.51201
  a -0.430339 1.88544
  a -1.74241 0.839099
  a -1.74241 -0.8391
  a -0.430338 -1.88544
  a 1.20578 -1.51201
  o 6.7583 3.78438 2.9151 0
  t 221 210 195
shp 10 10 35
  p 14 1.82174 5.00639 0
  p 14 3.62286 5.00639 0
  p 13.0274 5.13929 5.00639 0
  p 11.2966 5.64199 5.00639 0
  p 9.61561 4.99415 5.00639 0
  p 8.48184 3.59301 5.00639 0
  p 8.48176 1.79008 5.00639 0
  p 9.55 0.337628 5.00639 0
  p 11.2661 -0.215175 5.00639 0
  p 12.9833 0.333021 5.00639 0
  c 0 1 1.8037
  c 1 2 1.8037
  c 2 3 1.8037
  c 3 4 1.8037
  c 4 5 1.8037
  c 5 6 1.80371
  c 6 7 1.8037
  c 7 8 1.80371
  c 8 9 1.8037
  c 9 0 1.8037
  s 0 2 3.43085 478.961 2469.65
  s 0 3 4.72216 478.961 2469.65
  s 0 4 5.55123 478.961 2469.65
  s 0 5 5.83691 478.961 2469.65
  s 0 6 5.55123 478.961 2469.65
  s 0 7 4.72216 478.961 2469.65
  s 0 8 3.43085 478.961 2469.65
  s 1 3 3.43085 478.961 2469.65
  s 1 4 4.72216 478.961 2469.65
  s 1 5 5.55123 478.961 2469.65
  s 1 6 5.83691 478.961 2469.65
  s 1 7 5.55123 478.961 2469.65
  s 1 8 4.72216 478.961 2469.65
  s 1 9 3.43085 478.961 2469.65
  s 2 4 3.43085 478.961 2469.65
  s 2 5 4.72216 478.961 2469.65
  s 2 6 5.55123 478.961 2469.65
  s 2 7 5.83691 478.961 2469.65
  s 2 8 5.55123 478.961 2469.65
  s 2 9 4.72216 478.961 2469.65
  s 3 5 3.43085 478.961 2469.65
  s 3 6 4.72216 478.961 2469.65
  s 3 7 5.55123 478.961 2469.65
  s 3 8 5.83691 478.961 2469.65
  s 3 9 5.55123 478.961 2469.65
  s 4 6 3.43085 478.961 2469.65
  s 4 7 4.72216 478.961 2469.65
  s 4 8 5.55123 478.961 2469.65
  s 4 9 5.83691 478.961 2469.65
  s 5 7 3.43085 478.961 2469.65
  s 5 8 4.72216 478.961 2469.65
  s 5 9 5.55123 478.961 2469.65
  s 6 8 3.43085 478.961 2469.65
  s 6 9 4.72216 478.961 2469.65
  s 7 9 3.43085 478.961 2469.65
  a 2.91846 -2.38419e-07
  a 2.36108 1.71542
  a 0.901854 2.77562
  a -0.901851 2.77561
  a -2.36108 1.71542
  a -2.91845 -4.76837e-07
  a -2.36108 -1.71543
  a -0.901851 -2.77562
  a 0.901855 -2.77562
  a 2.36108 -1.71543
  o 11.2707 2.70549 -0.313281 0
  t 211 236 210
shp 5 5 5
  p 6.7363 1.88095 5.66923 0
  p 4.1678 3.16122 5.66923 0
  p 2.17709 1.09378 5.66923 0
  p 3.5135 -1.4462 5.66923 0
  p 6.3424 -0.962062 5.66923 0
  c 0 1 2.87017
  c 1 2 2.87017
  c 2 3 2.87017
  c 3 4 2.87017
  c 4 0 2.87017
  s 0 2 4.64403 542.375 2796.63
  s 0 3 4.64403 542.375 2796.63
  s 1 3 4.64403 542.375 2796.63
  s 1 4 4.64403 542.375 2796.63
  s 2 4 4.64403 542.375 2796.63
  a 2.44151 0
  a 0.754468 2.32202
  a -1.97522 1.43508
  a -1.97522 -1.43508
  a 0.754469 -2.32202
  o 4.58955 0.741196 0.48582 0
  t 193 202 220
shp 11 11 44
  p -10.8052 3.7648 2.83748 0
  p -12.0615 4.05277 2.83748 0
  p -13.2456 3.54339 2.83748 0
  p -14 2.49914 2.83748 0
  p -14 1.20944 2.83748 0
  p -13.5311 0.00857343 2.83748 0
  p -12.3757 -0.567587 2.83748 0
  p -11.089 -0.462712 2.83748 0
  p -10.0532 0.30723 2.83748 0
  p -9.56834 1.5029 2.83748 0
  p -10.1915 2.6303 2.83748 0
  c 0 1 1.29086
  c 1 2 1.29086
  c 2 3 1.29086
  c 3 4 1.29086
  c 4 5 1.29086
  c 5 6 1.29086
  c 6 7 1.29086
  c 7 8 1.29086
  c 8 9 1.29086
  c 9 10 1.29086
  c 10 0 1.29086
  s 0 2 2.47714 271.462 1399.73
  s 0 3 3.46274 271.462 1399.73
  s 0 4 4.16781 271.462 1399.73
  s 0 5 4.53523 271.462 1399.73
  s 0 6 4.53523 271.462 1399.73
  s 0 7 4.16781 271.462 1399.73
  s 0 8 3.46274 271.462 1399.73
  s 0 9 2.47714 271.462 1399.73
  s 1 3 2.47714 271.462 1399.73
  s 1 4 3.46274 271.462 1399.73
  s 1 5 4.16781 271.462 1399.73
  s 1 6 4.53523 271.462 1399.73
  s 1 7 4.53523 271.462 1399.73
  s 1 8 4.16781 271.462 1399.73
  s 1 9 3.46274 271.462 1399.73
  s 1 10 2.47714 271.462 1399.73
  s 2 4 2.47714 271.462 1399.73
  s 2 5 3.46274 271.462 1399.73
  s 2 6 4.16781 271.462 1399.73
  s 2 7 4.53523 271.462 1399.73
  s 2 8 4.53523 271.462 1399.73
  s 2 9 4.16781 271.462 1399.73
  s 2 10 3.46274 271.462 1399.73
  s 3 5 2.47714 271.462 1399.73
  s 3 6 3.46274 271.462 1399.73
  s 3 7 4.16781 271.462 1399.73
  s 3 8 4.53523 271.462 1399.73
  s 3 9 4.53523 271.462 1399.73
  s 3 10 4.16781 271.462 1399.73
  s 4 6 2.47714 271.462 1399.73
  s 4 7 3.46274 271.462 1399.73
  s 4 8 4.16781 271.462 1399.73
  s 4 9 4.53523 271.462 1399.73
  s 4 10 4.53523 271.462 1399.73
  s 5 7 2.47714 271.462 1399.73
  s 5 8 3.46274 271.462 1399.73
  s 5 9 4.16781 271.462 1399.73
  s 5 10 4.53523 271.462 1399.73
  s 6 8 2.47714 271.462 1399.73
  s 6 9 3.46274 271.462 1399.73
  s 6 10 4.16781 271.462 1399.73
  s 7 9 2.47714 271.462 1399.73
  s 7 10 3.46274 271.462 1399.73
  s 8 10 2.47714 271.462 1399.73
  a 2.29093 4.76837e-07
  a 1.92726 1.23857
  a 0.951689 2.08391
  a -0.326033 2.26761
  a -1.50024 1.73137
  a -2.19813 0.645431
  a -2.19813 -0.645431
  a -1.50024 -1.73137
  a -0.326032 -2.26761
  a 0.951689 -2.08391
  a 1.92726 -1.23857
  o -11.9021 1.67849 1.07099 0
  t 141 180 229
