shp 7 7 14
  p -5.4477 9.06055 1.61908 0
  p -6.26823 10 1.61908 0
  p -7.51652 10 1.61908 0
  p -8.33561 9.05889 1.61908 0
  p -8.01939 7.85089 1.61908 0
  p -6.89068 7.31675 1.61908 0
  p -5.76268 7.85216 1.61908 0
  c 0 1 1.24876
  c 1 2 1.24876
  c 2 3 1.24876
  c 3 4 1.24876
  c 4 5 1.24876
  c 5 6 1.24876
  c 6 0 1.24876
  s 0 2 2.2502 154.897 798.691
  s 0 3 2.80595 154.897 798.691
  s 0 4 2.80595 154.897 798.691
  s 0 5 2.2502 154.897 798.691
  s 1 3 2.2502 154.897 798.691
  s 1 4 2.80595 154.897 798.691
  s 1 5 2.80595 154.897 798.691
  s 1 6 2.2502 154.897 798.691
  s 2 4 2.2502 154.897 798.691
  s 2 5 2.80595 154.897 798.691
  s 2 6 2.80595 154.897 798.691
  s 3 5 2.2502 154.897 798.691
  s 3 6 2.80595 154.897 798.691
  s 4 6 2.2502 154.897 798.691
  a 1.43905 -2.38419e-07
  a 0.897235 1.1251
  a -0.32022 1.40297
  a -1.29654 0.624382
  a -1.29654 -0.624383
  a -0.32022 -1.40297
  a 0.897235 -1.1251
  o -6.89155 8.73417 0.224968 0
shp 5 5 5
  p 2.20613 8.23227 2.40196 0
  p 1.60463 10 2.40196 0
  p -0.263437 10 2.40196 0
  p -0.864839 8.23219 2.40196 0
  p 0.670653 7.16805 2.40196 0
  c 0 1 1.86822
  c 1 2 1.86822
  c 2 3 1.86822
  c 3 4 1.86822
  c 4 0 1.86822
  s 0 2 3.02285 229.796 1184.89
  s 0 3 3.02285 229.796 1184.89
  s 1 3 3.02285 229.796 1184.89
  s 1 4 3.02285 229.796 1184.89
  s 2 4 3.02285 229.796 1184.89
  a 1.58921 0
  a 0.491091 1.51142
  a -1.28569 0.934112
  a -1.28569 -0.934112
  a 0.491091 -1.51142
  o 0.670628 8.7265 -0.314139 0
shp 4 4 2
  p 8.03089 2.31913 4.99171 0
  p 5.06933 1.21794 4.99171 0
  p 6.16662 -1.74506 4.99171 0
  p 9.12818 -0.643873 4.99171 0
  c 0 1 3.15966
  c 1 2 3.15966
  c 2 3 3.15966
  c 3 0 3.15966
  s 0 2 4.46843 477.557 2462.41
  s 1 3 4.46843 477.557 2462.41
  a 2.23421 0
  a 0 2.23421
  a -2.23421 -2.38419e-07
  a 0 -2.23421
  o 7.09753 0.183735 1.14325 1
