p 114.966 60.8423 0.905652 7.98395 93 132 242 6 10
111110
111110
111110
011110
011110
011110
011110
001110
000111
000010
p 290.362 534.055 1.1906 7.98395 39 4 169 5 7
11111
11110
11110
11110
11100
11000
10000
p 296.036 189.565 2.39538 7.98395 114 183 9 8 10
00000001
01111111
01111111
01111111
11111111
11111111
11111110
11111110
11111100
11111100
p 455.883 161.248 4.27457 7.98395 101 152 211 6 8
000011
111111
111110
111110
111110
111110
111110
111110
p 388.214 513.473 1.58849 7.98395 92 29 179 7 14
0111111
0111111
0111111
0111111
0111111
0111111
0111111
1111111
1111111
1111111
1111111
1111111
1111110
1111000
p 647.912 259.332 1.4974 7.98395 153 97 59 6 12
111100
111100
111100
111110
111110
111110
111110
111110
111110
111110
111111
111110
p 485.989 240.222 6.02624 7.98395 51 148 242 4 6
1100
1110
1110
1110
1110
1111
p 437.088 357.098 3.45847 7.98395 85 58 136 5 10
01000
01110
01111
01111
11111
11111
11111
11111
11111
11111
p 460.091 519.467 0.835853 10 58 136 179 6 21
100000
111000
111110
111110
111110
111110
111110
111100
111110
111100
111100
111100
111100
111110
111110
111110
111110
111111
111111
111100
110000
p 586.672 389.862 0.493573 10 210 242 116 14 13
01100000000000
01111000000000
01111110000000
01111111000000
01111111110000
01111111111100
11111111111111
11111111111110
01111111111000
01111111100000
01111111000000
01111100000000
00110000000000
p 540.968 201.167 3.80075 24 157 117 198 4 3
0111
1111
1111
p 608.159 314.363 1.25483 24 227 47 0 2 3
11
11
11
p 126.459 385.334 2.63124 6 63 101 123 18 13
000001111111100000
000111111111111000
001111111111111100
011111111111111110
011111111111111110
111111111111111111
111111111111111111
111111111111111111
111111111111111111
111111111111111111
111111111111111111
111111111111111111
000001111111111000
p 52.0391 285.581 0.898173 6 118 95 206 16 5
1111000000000011
1111111111111111
0111111111111110
0011111111111100
0000111111110000
p 182.374 525.575 1.91197 24 233 60 9 7 3
0111111
1111111
1111111
p 271.384 311.313 2.94629 4.61654 255 255 255 40 29
0000000000000000000000000000000000000000
0000000000000000000000000000000011111100
0000000000000000000000000000111111111110
0000000000000000000000000001111111111110
0000000000000000000000000011111111111111
0000000000000000000000001111111111111111
0000000000000000000000011111111111111111
0000000000000000000000111111111111111111
0000000000000000000011111111111111111111
0000000000000000001111111111111111111111
0000000000000000111111111111111111111110
0000000000000001111111111111111111111110
0000000000000111111111111111111111111100
0000000000011111111111111111111111111000
0000000000111111111111111111111111111000
0000000011111111111111111111111111110000
0000000111111111111111111111111111100000
0000011111111111111111111111111111000000
0000111111111111111111111111111100000000
0001111111111111111111111111111000000000
0011111111111111111111111111110000000000
0111111111111111111111111111000000000000
1111111111111111111111111110000000000000
1111111111111111111111111100000000000000
1111111111111111111111110000000000000000
0111111111111111111111100000000000000000
0011111111111111111111000000000000000000
0000111111111111111000000000000000000000
0000000000110000000000000000000000000000
p 18.3906 96.931 4.50218 3.96805 255 255 255 8 3
00000000
00001000
01000000
