s 5 5 5
-6.46307 -1.13319 3.97028 0
-5.72007 1.15091 3.97028 0
-7.66294 2.56314 3.97028 0
-9.6063 1.15157 3.97028 0
-8.86497 -1.13307 3.97028 0
2.04318 0
0.631378 1.94318
-1.65297 1.20095
-1.65297 -1.20095
0.631378 -1.94318
-7.65149 0.418484 -0.938847 1
0 1 2.40191
1 2 2.40191
2 3 2.40191
3 4 2.40191
4 0 2.40191
0 2 3.88637 379.837 1958.54
0 3 3.88637 379.837 1958.54
1 3 3.88637 379.837 1958.54
1 4 3.88637 379.837 1958.54
2 4 3.88637 379.837 1958.54
s 10 10 35
-5.61258 4.42336 0.783814 0
-5.09271 3.93193 0.783814 0
-4.3839 3.84039 0.783814 0
-3.75663 4.18291 0.783814 0
-3.45045 4.82871 0.783814 0
-3.58233 5.53113 0.783814 0
-4.10189 6.02189 0.783814 0
-4.8107 6.11352 0.783814 0
-5.43798 5.771 0.783814 0
-5.74407 5.12516 0.783814 0
1.15477 -2.38419e-07
0.934232 0.678759
0.356845 1.09826
-0.356845 1.09826
-0.934233 0.678759
-1.15477 -2.38419e-07
-0.934232 -0.67876
-0.356845 -1.09826
0.356845 -1.09826
0.934232 -0.67876
-4.58758 4.92638 -2.61883 0
0 1 0.71369
1 2 0.71369
2 3 0.71369
3 4 0.71369
4 5 0.71369
5 6 0.71369
6 7 0.713689
7 8 0.71369
8 9 0.71369
9 0 0.71369
0 2 1.35752 74.9875 386.656
0 3 1.86846 74.9875 386.656
0 4 2.19651 74.9875 386.656
0 5 2.30955 74.9875 386.656
0 6 2.19651 74.9875 386.656
0 7 1.86846 74.9875 386.656
0 8 1.35752 74.9875 386.656
1 3 1.35752 74.9875 386.656
1 4 1.86846 74.9875 386.656
1 5 2.19651 74.9875 386.656
1 6 2.30955 74.9875 386.656
1 7 2.19651 74.9875 386.656
1 8 1.86846 74.9875 386.656
1 9 1.35752 74.9875 386.656
2 4 1.35752 74.9875 386.656
2 5 1.86846 74.9875 386.656
2 6 2.19651 74.9875 386.656
2 7 2.30955 74.9875 386.656
2 8 2.19651 74.9875 386.656
2 9 1.86846 74.9875 386.656
3 5 1.35752 74.9875 386.656
3 6 1.86846 74.9875 386.656
3 7 2.19651 74.9875 386.656
3 8 2.30955 74.9875 386.656
3 9 2.19651 74.9875 386.656
4 6 1.35752 74.9875 386.656
4 7 1.86846 74.9875 386.656
4 8 2.19651 74.9875 386.656
4 9 2.30955 74.9875 386.656
5 7 1.35752 74.9875 386.656
5 8 1.86846 74.9875 386.656
5 9 2.19651 74.9875 386.656
6 8 1.35752 74.9875 386.656
6 9 1.86846 74.9875 386.656
7 9 1.35752 74.9875 386.656
s 7 7 14
6.63061 10 1.12988 0
5.58834 10 1.12988 0
4.82593 9.28998 1.12988 0
5.04932 8.27105 1.12988 0
5.96652 7.77412 1.12988 0
6.9325 8.16775 1.12988 0
7.24974 9.16123 1.12988 0
1.20215 0
0.749531 0.939882
-0.267505 1.17201
-1.0831 0.521595
-1.0831 -0.521595
-0.267504 -1.17201
0.749531 -0.939882
6.03471 8.952 1.06668 0
0 1 1.04319
1 2 1.04319
2 3 1.04319
3 4 1.04319
4 5 1.04319
5 6 1.04319
6 0 1.04319
0 2 1.87976 108.096 557.372
0 3 2.34403 108.096 557.372
0 4 2.34403 108.096 557.372
0 5 1.87976 108.096 557.372
1 3 1.87977 108.096 557.372
1 4 2.34403 108.096 557.372
1 5 2.34403 108.096 557.372
1 6 1.87976 108.096 557.372
2 4 1.87976 108.096 557.372
2 5 2.34403 108.096 557.372
2 6 2.34403 108.096 557.372
3 5 1.87977 108.096 557.372
3 6 2.34403 108.096 557.372
4 6 1.87976 108.096 557.372
